0 0.752930 0.954545 0.753906 0.970674 0.768555 0.991202 0.768555 0.995601 0.774414 0.995601 0.772461 0.992669 0.775391 0.989736 0.778320 0.991202 0.777344 0.997067 0.783203 0.995601 0.778320 0.989736 0.777344 0.978006 0.767578 0.964809 0.762695 0.950147 0.759766 0.958944
0 0.963867 0.744868 0.963867 0.760997 0.989258 0.807918 0.989258 0.785924 0.983398 0.768328 0.968750 0.755132 0.967773 0.746334
0 0.544922 0.543988 0.547852 0.564516 0.546875 0.615836 0.549805 0.629032 0.547852 0.633431 0.550781 0.639296 0.549805 0.652493 0.552734 0.656891 0.550781 0.658358 0.552734 0.678886 0.559570 0.696481 0.563477 0.753666 0.568359 0.762463 0.568359 0.774194 0.575195 0.793255 0.578125 0.824047 0.586914 0.835777 0.584961 0.850440 0.588867 0.868035 0.597656 0.873900 0.593750 0.881232 0.599609 0.882698 0.606445 0.895894 0.609375 0.914956 0.615234 0.926686 0.616211 0.942815 0.628906 0.980938 0.639648 0.998534 0.654297 0.998534 0.659180 0.995601 0.655273 0.976540 0.643555 0.956012 0.640625 0.935484 0.632812 0.928152 0.632812 0.910557 0.627930 0.901760 0.627930 0.891496 0.624023 0.882698 0.621094 0.860704 0.617188 0.854839 0.617188 0.846041 0.609375 0.826979 0.611328 0.822581 0.608398 0.819648 0.605469 0.788856 0.599609 0.774194 0.601562 0.769795 0.593750 0.760997 0.589844 0.724340 0.583984 0.717009 0.583984 0.700880 0.575195 0.690616 0.577148 0.667155 0.574219 0.658358 0.568359 0.655425 0.568359 0.639296 0.564453 0.631965 0.565430 0.611437 0.551758 0.573314 0.554688 0.558651 0.549805 0.552786 0.549805 0.545455
0 0.750977 0.520528 0.750000 0.557185 0.758789 0.574780 0.758789 0.589443 0.765625 0.609971 0.766602 0.623167 0.771484 0.630499 0.775391 0.646628 0.781250 0.653959 0.782227 0.670088 0.787109 0.677419 0.789062 0.689150 0.807617 0.737537 0.828125 0.781525 0.829102 0.790323 0.838867 0.803519 0.844727 0.825513 0.853516 0.837243 0.860352 0.859238 0.866211 0.865103 0.878906 0.894428 0.890625 0.912023 0.893555 0.923754 0.912109 0.948680 0.922852 0.975073 0.937500 0.992669 0.937500 0.998534 0.961914 0.998534 0.936523 0.960411 0.933594 0.945748 0.902344 0.895894 0.902344 0.884164 0.898438 0.882698 0.884766 0.857771 0.879883 0.837243 0.875000 0.834311 0.874023 0.825513 0.866211 0.815249 0.864258 0.804985 0.852539 0.788856 0.850586 0.775660 0.853516 0.768328 0.849609 0.763930 0.848633 0.752199 0.845703 0.750733 0.836914 0.727273 0.831055 0.721408 0.824219 0.697947 0.796875 0.637830 0.787109 0.605572 0.772461 0.580645 0.767578 0.545455 0.760742 0.543988 0.754883 0.523460
0 0.546875 0.511730 0.541992 0.520528 0.543945 0.529326 0.548828 0.516129
0 0.616211 0.438416 0.615234 0.454545 0.622070 0.492669 0.620117 0.495601 0.625000 0.517595 0.625977 0.543988 0.630859 0.560117 0.631836 0.576246 0.637695 0.587977 0.635742 0.604106 0.641602 0.615836 0.640625 0.627566 0.646484 0.634897 0.646484 0.651026 0.656250 0.681818 0.657227 0.697947 0.669922 0.727273 0.669922 0.740469 0.684570 0.781525 0.688477 0.803519 0.700195 0.825513 0.704102 0.847507 0.712891 0.860704 0.713867 0.870968 0.718750 0.878299 0.735352 0.928152 0.743164 0.934018 0.745117 0.947214 0.750000 0.953079 0.749023 0.935484 0.754883 0.935484 0.747070 0.907625 0.734375 0.891496 0.733398 0.875367 0.726562 0.857771 0.729492 0.850440 0.733398 0.853372 0.726562 0.809384 0.718750 0.791789 0.714844 0.768328 0.703125 0.743402 0.702148 0.731672 0.693359 0.708211 0.692383 0.695015 0.686523 0.683284 0.686523 0.674487 0.681641 0.671554 0.683594 0.662757 0.673828 0.643695 0.673828 0.629032 0.658203 0.604106 0.656250 0.583578 0.649414 0.568915 0.639648 0.530792 0.639648 0.517595 0.629883 0.483871 0.629883 0.470674 0.625000 0.464809 0.626953 0.457478 0.624023 0.456012 0.621094 0.442815
0 0.609375 0.403226 0.613281 0.431085 0.617188 0.432551 0.621094 0.426686 0.617188 0.404692
0 0.454102 0.363636 0.456055 0.382698 0.453125 0.387097 0.454102 0.398827 0.451172 0.409091 0.453125 0.432551 0.448242 0.460411 0.450195 0.461877 0.453125 0.642229 0.456055 0.652493 0.457031 0.689150 0.469727 0.796188 0.475586 0.816716 0.479492 0.847507 0.482422 0.851906 0.484375 0.872434 0.491211 0.897361 0.505859 0.923754 0.508789 0.907625 0.504883 0.894428 0.504883 0.860704 0.500000 0.854839 0.496094 0.838710 0.497070 0.831378 0.493164 0.824047 0.493164 0.780059 0.489258 0.769795 0.489258 0.756598 0.483398 0.749267 0.481445 0.731672 0.484375 0.721408 0.483398 0.696481 0.478516 0.686217 0.476562 0.670088 0.478516 0.629032 0.476562 0.617302 0.471680 0.612903 0.471680 0.607038 0.478516 0.604106 0.481445 0.595308 0.481445 0.579179 0.468750 0.552786 0.467773 0.526393 0.473633 0.520528 0.473633 0.511730 0.467773 0.510264 0.468750 0.486804 0.471680 0.488270 0.469727 0.497067 0.471680 0.500000 0.473633 0.497067 0.471680 0.480938 0.467773 0.476540 0.467773 0.466276 0.461914 0.454545 0.464844 0.438416 0.460938 0.429619 0.458984 0.384164 0.456055 0.382698 0.458008 0.370968
0 0.298828 0.268328 0.289062 0.316716 0.291016 0.319648 0.288086 0.324047 0.287109 0.341642 0.282227 0.356305 0.282227 0.394428 0.273438 0.442815 0.273438 0.460411 0.276367 0.479472 0.281250 0.482405 0.281250 0.495601 0.286133 0.479472 0.292969 0.420821 0.291016 0.395894 0.294922 0.384164 0.297852 0.388563 0.301758 0.385630 0.302734 0.344575 0.306641 0.338710 0.308594 0.324047 0.306641 0.309384 0.311523 0.294721 0.311523 0.278592 0.303711 0.287390 0.303711 0.277126
0 0.317383 0.230205 0.313477 0.230205 0.313477 0.241935 0.317383 0.239003
0 0.392578 0.217009 0.388672 0.217009 0.382812 0.233138 0.381836 0.252199 0.378906 0.258065 0.369141 0.324047 0.369141 0.338710 0.363281 0.362170 0.365234 0.378299 0.360352 0.410557 0.359375 0.488270 0.357422 0.489736 0.359375 0.492669 0.357422 0.620235 0.359375 0.621701 0.359375 0.659824 0.363281 0.668622 0.363281 0.702346 0.370117 0.749267 0.375000 0.750733 0.375977 0.765396 0.390625 0.787390 0.392578 0.780059 0.387695 0.763930 0.389648 0.733138 0.384766 0.706745 0.386719 0.687683 0.380859 0.629032 0.386719 0.609971 0.386719 0.602639 0.381836 0.592375 0.383789 0.583578 0.381836 0.582111 0.380859 0.516129 0.383789 0.501466 0.381836 0.500000 0.383789 0.470674 0.380859 0.441349 0.381836 0.423754 0.384766 0.420821 0.383789 0.357771 0.386719 0.350440 0.384766 0.340176 0.389648 0.326979 0.386719 0.310850 0.389648 0.304985 0.387695 0.290323 0.392578 0.260997 0.389648 0.233138 0.393555 0.225806
0 0.309570 0.208211 0.304688 0.217009 0.303711 0.241935 0.308594 0.239003 0.311523 0.228739
0 0.321289 0.203812 0.313477 0.217009 0.316406 0.221408 0.319336 0.221408
0 0.376953 0.000000 0.366211 0.005865 0.359375 0.000000 0.350586 0.029326 0.350586 0.046921 0.343750 0.065982 0.343750 0.077713 0.335938 0.095308 0.328125 0.134897 0.318359 0.164223 0.323242 0.170088 0.322266 0.183284 0.318359 0.186217 0.316406 0.178886 0.313477 0.186217 0.319336 0.187683 0.319336 0.196481 0.324219 0.192082 0.337891 0.118768 0.342773 0.111437 0.342773 0.099707 0.348633 0.089443 0.346680 0.085044 0.358398 0.055718 0.362305 0.035191 0.368164 0.026393
0 0.299805 0.000000 0.296875 0.000000 0.291992 0.010264 0.285156 0.036657 0.275391 0.058651 0.275391 0.077713 0.262695 0.102639 0.257812 0.093842 0.250977 0.109971 0.250977 0.131965 0.252930 0.130499 0.255859 0.139296 0.250977 0.146628 0.250000 0.167155 0.240234 0.209677 0.241211 0.241935 0.249023 0.218475 0.250000 0.196481 0.264648 0.143695 0.265625 0.127566 0.295898 0.021994