0 0.398438 0.901760 0.391602 0.906158 0.388672 0.913490 0.396484 0.914956
0 0.617188 0.898827 0.615234 0.901760 0.618164 0.906158 0.620117 0.901760
0 0.548828 0.873900 0.544922 0.878299 0.546875 0.882698
0 0.554688 0.866569 0.550781 0.870968 0.553711 0.876833 0.557617 0.872434
0 0.390625 0.856305 0.385742 0.860704 0.386719 0.863636
0 0.398438 0.854839 0.393555 0.856305 0.394531 0.866569 0.400391 0.859238
0 0.577148 0.835777 0.566406 0.843109 0.567383 0.846041 0.571289 0.841642 0.574219 0.846041 0.572266 0.856305 0.580078 0.841642
0 0.607422 0.815249 0.596680 0.819648 0.592773 0.826979 0.593750 0.835777 0.606445 0.819648 0.607422 0.831378 0.600586 0.840176 0.605469 0.841642 0.613281 0.824047
0 0.373047 0.812317 0.369141 0.810850 0.365234 0.819648 0.369141 0.821114
0 0.528320 0.812317 0.537109 0.813783 0.541016 0.804985 0.531250 0.803519
0 0.535156 0.787390 0.537109 0.791789 0.543945 0.788856 0.541992 0.782991
0 0.642578 0.780059 0.636719 0.781525 0.634766 0.787390 0.638672 0.790323
0 0.401367 0.774194 0.392578 0.775660 0.390625 0.782991 0.398438 0.782991
0 0.569336 0.756598 0.560547 0.762463 0.562500 0.774194 0.565430 0.774194 0.571289 0.760997
0 0.462891 0.739003 0.453125 0.747801 0.458984 0.749267
0 0.639648 0.731672 0.632812 0.737537 0.634766 0.741935 0.638672 0.740469
0 0.394531 0.730205 0.390625 0.728739 0.383789 0.741935 0.385742 0.749267 0.389648 0.746334 0.387695 0.740469 0.389648 0.736070 0.395508 0.739003
0 0.453125 0.725806 0.454102 0.731672 0.466797 0.728739 0.461914 0.719941
0 0.507812 0.708211 0.503906 0.711144 0.502930 0.718475 0.507812 0.714076
0 0.618164 0.708211 0.610352 0.711144 0.609375 0.717009 0.612305 0.718475
0 0.418945 0.695015 0.410156 0.699413 0.406250 0.714076 0.409180 0.719941 0.416016 0.719941 0.420898 0.714076 0.421875 0.700880
0 0.656250 0.683284 0.652344 0.686217 0.653320 0.690616 0.657227 0.686217
0 0.383789 0.678886 0.377930 0.686217 0.380859 0.696481
0 0.397461 0.674487 0.389648 0.675953 0.391602 0.686217 0.389648 0.696481 0.397461 0.684751
0 0.650391 0.667155 0.642578 0.678886 0.643555 0.683284 0.652344 0.674487
0 0.704102 0.658358 0.702148 0.662757 0.706055 0.665689 0.708008 0.659824
0 0.659180 0.659824 0.657227 0.665689 0.662109 0.671554 0.663086 0.678886 0.667969 0.677419 0.671875 0.670088 0.670898 0.662757
0 0.672852 0.652493 0.677734 0.661290 0.681641 0.656891
0 0.657227 0.633431 0.654297 0.637830 0.656250 0.642229 0.659180 0.637830
0 0.695312 0.627566 0.683594 0.630499 0.677734 0.639296 0.685547 0.648094 0.686523 0.631965 0.693359 0.633431
0 0.711914 0.602639 0.708984 0.605572 0.710938 0.608504
0 0.245117 0.592375 0.241211 0.604106 0.246094 0.601173
0 0.393555 0.582111 0.387695 0.582111 0.380859 0.590909 0.381836 0.608504 0.389648 0.605572 0.395508 0.593842 0.396484 0.586510
0 0.436523 0.558651 0.427734 0.552786 0.422852 0.558651 0.416016 0.558651 0.412109 0.577713 0.423828 0.580645 0.429688 0.574780
0 0.531250 0.546921 0.518555 0.558651 0.518555 0.561584 0.523438 0.555718 0.530273 0.558651 0.520508 0.567449 0.521484 0.571848 0.527344 0.570381 0.534180 0.552786
0 0.481445 0.538123 0.472656 0.541056 0.470703 0.548387 0.479492 0.546921
0 0.431641 0.516129 0.428711 0.513196 0.424805 0.524927 0.418945 0.524927 0.416992 0.517595 0.409180 0.526393 0.409180 0.533724 0.414062 0.535191 0.416016 0.527859 0.422852 0.533724
0 0.557617 0.480938 0.554688 0.491202 0.547852 0.491202 0.541992 0.505865 0.542969 0.510264 0.548828 0.510264 0.555664 0.501466 0.554688 0.494135 0.560547 0.488270
0 0.245117 0.479472 0.238281 0.482405 0.242188 0.488270
0 0.549805 0.469208 0.546875 0.466276 0.537109 0.473607 0.529297 0.489736 0.531250 0.495601
0 0.280273 0.466276 0.276367 0.469208 0.274414 0.475073 0.276367 0.478006 0.280273 0.473607
0 0.527344 0.467742 0.520508 0.466276 0.516602 0.475073 0.525391 0.472141
0 0.242188 0.460411 0.240234 0.464809 0.247070 0.469208 0.246094 0.461877
0 0.576172 0.456012 0.575195 0.463343 0.579102 0.464809 0.581055 0.460411
0 0.582031 0.442815 0.583984 0.447214 0.586914 0.445748 0.586914 0.442815
0 0.528320 0.442815 0.532227 0.456012 0.542969 0.447214 0.542969 0.442815 0.533203 0.447214
0 0.261719 0.435484 0.257812 0.442815 0.248047 0.439883 0.250000 0.460411 0.258789 0.457478 0.264648 0.441349
0 0.538086 0.428152 0.534180 0.431085 0.537109 0.432551
0 0.356445 0.390029 0.350586 0.398827 0.352539 0.403226 0.356445 0.397361
0 0.315430 0.370968 0.307617 0.375367 0.308594 0.379765 0.304688 0.384164 0.306641 0.388563
0 0.290039 0.351906 0.285156 0.354839 0.288086 0.359238
0 0.352539 0.302053 0.343750 0.303519 0.343750 0.315249 0.347656 0.313783
0 0.319336 0.268328 0.308594 0.280059 0.310547 0.285924 0.313477 0.278592 0.319336 0.278592 0.316406 0.290323 0.325195 0.278592 0.325195 0.272727
0 0.326172 0.139296 0.320312 0.146628 0.316406 0.143695 0.319336 0.133431 0.309570 0.134897 0.306641 0.139296 0.310547 0.146628 0.308594 0.161290 0.298828 0.158358 0.302734 0.180352 0.310547 0.178886 0.315430 0.173021 0.315430 0.164223 0.322266 0.162757 0.321289 0.151026 0.329102 0.146628