0 0.613281 0.629032 0.610352 0.630499 0.609375 0.640762 0.613281 0.636364 0.610352 0.634897
0 0.375977 0.618768 0.386719 0.624633 0.382812 0.618768
0 0.559570 0.621701 0.556641 0.623167 0.554688 0.617302 0.550781 0.624633
0 0.473633 0.620235 0.477539 0.623167 0.477539 0.615836
0 0.471680 0.607038 0.463867 0.614370 0.468750 0.614370
0 0.398438 0.602639 0.395508 0.602639 0.395508 0.607038 0.390625 0.605572 0.393555 0.611437 0.399414 0.607038
0 0.487305 0.604106 0.494141 0.605572 0.490234 0.599707
0 0.411133 0.595308 0.406250 0.598240 0.406250 0.602639 0.409180 0.602639 0.407227 0.608504 0.412109 0.604106
0 0.316406 0.595308 0.316406 0.598240 0.322266 0.596774
0 0.727539 0.589443 0.724609 0.590909 0.725586 0.598240
0 0.418945 0.583578 0.425781 0.595308 0.427734 0.587977 0.421875 0.590909
0 0.343750 0.570381 0.347656 0.573314 0.347656 0.568915
0 0.792969 0.523460 0.791016 0.523460 0.791992 0.529326
0 0.787109 0.447214 0.788086 0.461877 0.788086 0.456012 0.791016 0.454545