0 0.731445 0.976540 0.734375 0.985337 0.737305 0.980938
0 0.826172 0.926686 0.828125 0.936950 0.831055 0.941349 0.831055 0.934018 0.842773 0.953079
0 0.682617 0.884164 0.680664 0.895894 0.686523 0.895894 0.688477 0.904692 0.693359 0.907625 0.691406 0.914956 0.696289 0.917889 0.701172 0.928152 0.705078 0.928152 0.704102 0.932551 0.716797 0.953079 0.720703 0.953079 0.721680 0.950147 0.717773 0.948680 0.718750 0.944282 0.713867 0.942815 0.703125 0.923754 0.702148 0.916422 0.695312 0.906158 0.695312 0.898827 0.690430 0.897361 0.687500 0.887097
0 0.620117 0.790323 0.625977 0.793255 0.623047 0.800587 0.626953 0.797654 0.628906 0.802053 0.626953 0.807918 0.622070 0.804985 0.628906 0.821114 0.632812 0.821114 0.634766 0.829912 0.644531 0.843109 0.655273 0.844575 0.656250 0.850440 0.663086 0.856305 0.663086 0.866569 0.667969 0.863636 0.672852 0.876833 0.680664 0.882698 0.681641 0.875367 0.650391 0.825513 0.649414 0.816716 0.636719 0.799120
0 0.748047 0.695015 0.751953 0.693548 0.764648 0.703812 0.750000 0.690616
0 0.635742 0.668622 0.633789 0.674487 0.637695 0.677419 0.637695 0.684751 0.655273 0.697947 0.663086 0.711144 0.660156 0.714076 0.656250 0.708211 0.662109 0.721408 0.671875 0.727273 0.676758 0.725806 0.700195 0.755132 0.697266 0.756598 0.701172 0.763930 0.711914 0.774194 0.719727 0.788856 0.726562 0.793255 0.728516 0.800587 0.745117 0.824047 0.747070 0.818182 0.735352 0.807918 0.734375 0.802053 0.743164 0.803519 0.763672 0.834311 0.767578 0.831378 0.771484 0.835777 0.775391 0.847507 0.799805 0.884164 0.800781 0.890029 0.810547 0.898827 0.809570 0.904692 0.814453 0.904692 0.791016 0.860704 0.787109 0.859238 0.783203 0.848974 0.771484 0.835777 0.730469 0.769795 0.719727 0.760997 0.702148 0.731672 0.688477 0.718475 0.686523 0.711144 0.670898 0.692082 0.657227 0.680352 0.650391 0.667155 0.644531 0.664223
0 0.671875 0.607038 0.688477 0.627566 0.705078 0.637830 0.712891 0.648094 0.705078 0.637830 0.708008 0.633431 0.701172 0.634897 0.699219 0.629032
0 0.672852 0.596774 0.680664 0.609971 0.676758 0.598240
0 0.637695 0.545455 0.641602 0.557185 0.646484 0.558651 0.665039 0.580645 0.670898 0.580645 0.672852 0.590909 0.683594 0.596774 0.707031 0.624633 0.727539 0.639296 0.734375 0.651026 0.739258 0.651026 0.743164 0.656891 0.746094 0.652493 0.747070 0.659824 0.749023 0.656891 0.753906 0.667155 0.764648 0.673021 0.766602 0.683284 0.768555 0.680352 0.773438 0.689150 0.778320 0.690616 0.804688 0.725806 0.806641 0.722874 0.815430 0.740469 0.825195 0.746334 0.833984 0.763930 0.842773 0.768328 0.847656 0.782991 0.858398 0.791789 0.893555 0.844575 0.890625 0.840176 0.892578 0.835777 0.886719 0.834311 0.889648 0.828446 0.866211 0.794721 0.860352 0.794721 0.859375 0.790323 0.864258 0.791789 0.859375 0.785924 0.856445 0.788856 0.856445 0.781525 0.854492 0.785924 0.846680 0.774194 0.850586 0.771261 0.844727 0.771261 0.839844 0.756598 0.832031 0.750733 0.818359 0.728739 0.813477 0.727273 0.808594 0.715543 0.796875 0.705279 0.777344 0.675953 0.753906 0.652493 0.739258 0.630499 0.734375 0.629032 0.728516 0.617302 0.722656 0.615836 0.717773 0.605572 0.708984 0.601173 0.696289 0.583578 0.690430 0.582111 0.673828 0.558651 0.666016 0.558651 0.646484 0.536657 0.641602 0.543988 0.642578 0.546921
0 0.668945 0.501466 0.686523 0.519062 0.684570 0.516129 0.686523 0.511730 0.687500 0.514663
0 0.724609 0.432551 0.729492 0.439883 0.733398 0.441349 0.737305 0.436950 0.748047 0.448680 0.757812 0.453079 0.734375 0.434018 0.732422 0.438416
0 0.609375 0.426686 0.612305 0.431085 0.617188 0.429619 0.625000 0.441349 0.632812 0.441349 0.659180 0.463343 0.667969 0.464809 0.668945 0.472141 0.665039 0.472141 0.678711 0.486804 0.686523 0.488270 0.694336 0.500000 0.702148 0.502933 0.702148 0.507331 0.691406 0.502933 0.697266 0.510264 0.705078 0.511730 0.707031 0.519062 0.711914 0.519062 0.724609 0.533724 0.734375 0.539589 0.733398 0.527859 0.739258 0.529326 0.740234 0.538123 0.764648 0.549853 0.766602 0.557185 0.771484 0.558651 0.791016 0.580645 0.795898 0.580645 0.800781 0.589443 0.811523 0.595308 0.810547 0.590909 0.814453 0.592375 0.815430 0.596774 0.812500 0.599707 0.815430 0.604106 0.822266 0.599707 0.823242 0.605572 0.828125 0.607038 0.828125 0.612903 0.848633 0.627566 0.859375 0.640762 0.863281 0.651026 0.875000 0.661290 0.869141 0.662757 0.875977 0.671554 0.875000 0.662757 0.908203 0.696481 0.902344 0.681818 0.870117 0.648094 0.858398 0.630499 0.853516 0.629032 0.800781 0.570381 0.801758 0.574780 0.797852 0.573314 0.796875 0.564516 0.791992 0.567449 0.784180 0.554252 0.785156 0.557185 0.781250 0.558651 0.781250 0.551320 0.779297 0.554252 0.777344 0.545455 0.766602 0.541056 0.764648 0.536657 0.767578 0.535191 0.762695 0.530792 0.759766 0.535191 0.757812 0.526393 0.755859 0.530792 0.749023 0.516129 0.734375 0.511730 0.733398 0.504399 0.721680 0.494135 0.715820 0.480938 0.710938 0.478006 0.706055 0.480938 0.706055 0.475073 0.696289 0.466276 0.687500 0.466276 0.679688 0.454545 0.677734 0.456012 0.674805 0.447214 0.659180 0.441349 0.636719 0.419355 0.622070 0.419355 0.616211 0.414956 0.618164 0.425220 0.612305 0.431085
0 0.666992 0.398827 0.672852 0.409091 0.680664 0.406158 0.689453 0.412023 0.694336 0.420821 0.697266 0.417889 0.703125 0.425220 0.706055 0.422287 0.711914 0.425220
0 0.566406 0.316716 0.578125 0.331378 0.590820 0.332845 0.596680 0.341642 0.602539 0.338710 0.606445 0.341642 0.607422 0.346041 0.604492 0.350440 0.612305 0.356305 0.609375 0.359238 0.613281 0.369501 0.619141 0.373900 0.624023 0.369501 0.625977 0.375367 0.632812 0.375367 0.635742 0.382698 0.639648 0.379765 0.663086 0.394428 0.660156 0.397361 0.663086 0.398827 0.665039 0.394428 0.648438 0.382698 0.649414 0.379765 0.656250 0.382698 0.655273 0.376833 0.650391 0.373900 0.651367 0.370968 0.680664 0.384164 0.688477 0.392962 0.699219 0.394428 0.719727 0.412023 0.727539 0.413490 0.752930 0.432551 0.759766 0.441349 0.755859 0.444282 0.784180 0.464809 0.771484 0.451613 0.759766 0.445748 0.759766 0.441349 0.764648 0.441349 0.782227 0.458944 0.824219 0.488270 0.843750 0.510264 0.848633 0.510264 0.874023 0.533724 0.858398 0.511730 0.837891 0.489736 0.831055 0.488270 0.827148 0.480938 0.820312 0.478006 0.817383 0.470674 0.800781 0.460411 0.761719 0.423754 0.735352 0.407625 0.726562 0.395894 0.719727 0.395894 0.708008 0.384164 0.703125 0.384164 0.695312 0.372434 0.691406 0.375367 0.686523 0.368035 0.669922 0.360704 0.646484 0.340176 0.620117 0.328446 0.590820 0.306452 0.579102 0.303519 0.570312 0.319648
0 0.656250 0.300587 0.677734 0.312317 0.681641 0.309384 0.686523 0.312317 0.677734 0.309384 0.674805 0.303519
0 0.644531 0.282991 0.671875 0.300587 0.680664 0.300587
0 0.508789 0.208211 0.517578 0.208211 0.519531 0.211144 0.515625 0.218475 0.531250 0.225806 0.537109 0.224340 0.541992 0.231672 0.564453 0.237537 0.568359 0.241935 0.571289 0.237537 0.584961 0.247801 0.590820 0.244868 0.599609 0.256598 0.602539 0.256598 0.599609 0.252199 0.618164 0.255132 0.619141 0.260997 0.615234 0.260997 0.627930 0.262463 0.627930 0.268328 0.623047 0.266862 0.627930 0.271261 0.710938 0.304985 0.735352 0.322581 0.795898 0.351906 0.804688 0.360704 0.811523 0.356305 0.810547 0.362170 0.816406 0.369501 0.822266 0.370968 0.819336 0.366569 0.824219 0.365103 0.812500 0.353372 0.793945 0.347507 0.788086 0.340176 0.753906 0.324047 0.731445 0.306452 0.712891 0.300587 0.686523 0.281525 0.671875 0.277126 0.658203 0.266862 0.654297 0.268328 0.640625 0.258065 0.631836 0.258065 0.630859 0.253666 0.623047 0.253666 0.621094 0.246334 0.619141 0.249267 0.615234 0.244868 0.613281 0.249267 0.606445 0.240469 0.579102 0.231672 0.574219 0.225806 0.583984 0.225806 0.515625 0.202346
0 0.571289 0.165689 0.573242 0.173021 0.581055 0.177419 0.586914 0.174487 0.592773 0.178886 0.595703 0.174487 0.600586 0.178886 0.606445 0.177419 0.610352 0.183284 0.625000 0.178886 0.627930 0.183284 0.623047 0.184751 0.629883 0.186217 0.627930 0.184751 0.629883 0.181818 0.653320 0.190616 0.655273 0.187683 0.660156 0.195015 0.682617 0.205279 0.708984 0.209677 0.719727 0.218475 0.723633 0.215543 0.723633 0.212610 0.703125 0.206745 0.680664 0.193548 0.644531 0.183284 0.600586 0.165689 0.600586 0.168622 0.608398 0.171554 0.608398 0.175953 0.594727 0.173021 0.594727 0.168622 0.598633 0.168622 0.596680 0.164223 0.587891 0.164223 0.593750 0.165689 0.592773 0.173021 0.580078 0.165689
0 0.416992 0.131965 0.427734 0.139296 0.427734 0.131965 0.432617 0.136364 0.440430 0.134897 0.441406 0.140762 0.477539 0.140762 0.471680 0.140762 0.472656 0.134897 0.501953 0.136364 0.509766 0.140762 0.491211 0.140762 0.491211 0.143695 0.494141 0.140762 0.509766 0.143695 0.531250 0.155425 0.544922 0.158358 0.548828 0.155425 0.547852 0.159824 0.560547 0.162757 0.562500 0.158358 0.568359 0.162757 0.571289 0.159824 0.583984 0.162757 0.579102 0.161290 0.580078 0.156891 0.572266 0.159824 0.549805 0.149560 0.561523 0.149560 0.543945 0.142229 0.482422 0.133431 0.458984 0.121701 0.429688 0.121701
0 0.357422 0.065982 0.367188 0.073314 0.377930 0.068915 0.385742 0.074780 0.430664 0.073314 0.437500 0.077713 0.456055 0.077713 0.457031 0.070381 0.462891 0.070381 0.471680 0.079179 0.489258 0.080645 0.499023 0.085044 0.501953 0.080645 0.500000 0.079179 0.505859 0.074780 0.510742 0.085044 0.531250 0.083578 0.557617 0.089443 0.551758 0.082111 0.534180 0.082111 0.524414 0.076246 0.489258 0.070381 0.456055 0.070381 0.418945 0.058651 0.413086 0.061584 0.412109 0.058651 0.382812 0.058651