0 0.594727 0.963343 0.593750 0.979472 0.599609 0.982405 0.602539 0.989736 0.600586 0.994135 0.606445 0.995601 0.602539 0.985337 0.611328 0.973607 0.606445 0.963343 0.603516 0.967742 0.597656 0.967742
0 0.894531 0.931085 0.900391 0.944282 0.902344 0.935484
0 0.910156 0.920821 0.907227 0.936950 0.912109 0.944282 0.912109 0.951613 0.907227 0.956012 0.916016 0.966276 0.916992 0.972141 0.913086 0.979472 0.920898 0.976540 0.921875 0.983871 0.918945 0.985337 0.928711 0.998534 0.940430 0.998534 0.941406 0.994135 0.944336 0.998534 0.952148 0.998534 0.952148 0.991202 0.944336 0.995601 0.943359 0.985337 0.933594 0.980938 0.933594 0.973607 0.927734 0.958944 0.929688 0.956012 0.934570 0.961877 0.924805 0.942815 0.927734 0.935484 0.920898 0.928152 0.921875 0.916422 0.916016 0.914956 0.912109 0.922287
0 0.421875 0.875367 0.419922 0.890029 0.426758 0.881232
0 0.891602 0.860704 0.891602 0.866569 0.895508 0.868035
0 0.865234 0.846041 0.863281 0.853372 0.869141 0.854839
0 0.750977 0.815249 0.750000 0.819648 0.752930 0.824047 0.754883 0.818182
0 0.865234 0.813783 0.874023 0.816716 0.869141 0.810850 0.869141 0.803519
0 0.849609 0.766862 0.849609 0.772727 0.855469 0.780059 0.856445 0.768328
0 0.296875 0.733138 0.294922 0.740469 0.302734 0.743402 0.305664 0.734604
0 0.640625 0.643695 0.640625 0.655425 0.642578 0.655425
0 0.299805 0.640762 0.296875 0.653959 0.292969 0.645161 0.289062 0.648094 0.287109 0.643695 0.284180 0.645161 0.285156 0.651026 0.282227 0.653959 0.286133 0.656891 0.288086 0.652493 0.293945 0.673021 0.291992 0.697947 0.294922 0.702346 0.295898 0.674487 0.301758 0.675953 0.302734 0.661290 0.298828 0.655425 0.302734 0.645161
0 0.294922 0.617302 0.293945 0.624633 0.296875 0.624633
0 0.295898 0.577713 0.291992 0.585044 0.295898 0.585044
0 0.634766 0.570381 0.633789 0.580645 0.637695 0.582111 0.636719 0.570381
0 0.454102 0.558651 0.458008 0.565982 0.458008 0.560117
0 0.771484 0.545455 0.775391 0.561584 0.770508 0.570381 0.766602 0.570381 0.768555 0.586510 0.771484 0.587977 0.772461 0.596774 0.775391 0.590909 0.778320 0.595308 0.785156 0.593842 0.784180 0.601173 0.776367 0.605572 0.775391 0.615836 0.779297 0.671554 0.788086 0.677419 0.791992 0.693548 0.796875 0.699413 0.796875 0.708211 0.791016 0.703812 0.786133 0.681818 0.782227 0.690616 0.788086 0.700880 0.788086 0.718475 0.793945 0.727273 0.797852 0.749267 0.802734 0.750733 0.800781 0.778592 0.804688 0.787390 0.808594 0.782991 0.815430 0.797654 0.815430 0.803519 0.810547 0.807918 0.813477 0.824047 0.822266 0.850440 0.825195 0.851906 0.832031 0.891496 0.838867 0.898827 0.837891 0.906158 0.841797 0.912023 0.844727 0.932551 0.849609 0.939883 0.853516 0.956012 0.859375 0.963343 0.860352 0.976540 0.863281 0.978006 0.869141 0.995601 0.908203 0.998534 0.905273 0.986804 0.897461 0.976540 0.903320 0.972141 0.902344 0.969208 0.897461 0.967742 0.893555 0.958944 0.884766 0.951613 0.883789 0.935484 0.887695 0.929619 0.887695 0.919355 0.881836 0.909091 0.883789 0.906158 0.880859 0.900293 0.881836 0.887097 0.872070 0.875367 0.871094 0.879765 0.862305 0.876833 0.859375 0.868035 0.861328 0.851906 0.853516 0.837243 0.844727 0.835777 0.839844 0.824047 0.843750 0.819648 0.842773 0.799120 0.839844 0.793255 0.833984 0.790323 0.828125 0.797654 0.822266 0.790323 0.823242 0.780059 0.828125 0.782991 0.833984 0.775660 0.828125 0.765396 0.827148 0.746334 0.818359 0.733138 0.821289 0.721408 0.811523 0.718475 0.817383 0.706745 0.812500 0.697947 0.814453 0.690616 0.808594 0.686217 0.811523 0.668622 0.805664 0.661290 0.805664 0.652493 0.793945 0.629032 0.796875 0.624633 0.802734 0.627566 0.804688 0.633431 0.806641 0.629032 0.796875 0.614370 0.792969 0.604106 0.792969 0.593842 0.787109 0.586510 0.790039 0.573314 0.785156 0.570381 0.784180 0.560117
0 0.289062 0.535191 0.285156 0.558651 0.287109 0.577713 0.290039 0.580645 0.291992 0.571848 0.301758 0.573314 0.302734 0.580645 0.297852 0.587977 0.297852 0.595308 0.299805 0.595308 0.308594 0.560117 0.298828 0.545455 0.293945 0.543988 0.295898 0.539589 0.292969 0.535191
0 0.458984 0.488270 0.457031 0.489736 0.458984 0.497067 0.461914 0.492669
0 0.640625 0.479472 0.631836 0.501466 0.631836 0.510264 0.638672 0.521994 0.638672 0.529326 0.635742 0.532258 0.637695 0.536657 0.635742 0.561584 0.640625 0.560117 0.641602 0.580645 0.649414 0.583578 0.647461 0.592375 0.649414 0.596774 0.642578 0.609971 0.639648 0.608504 0.639648 0.601173 0.634766 0.604106 0.638672 0.620235 0.641602 0.615836 0.646484 0.617302 0.647461 0.643695 0.654297 0.673021 0.652344 0.684751 0.647461 0.686217 0.644531 0.677419 0.641602 0.686217 0.646484 0.696481 0.650391 0.693548 0.656250 0.700880 0.659180 0.709677 0.657227 0.711144 0.659180 0.736070 0.668945 0.747801 0.668945 0.753666 0.671875 0.750733 0.676758 0.753666 0.682617 0.765396 0.678711 0.774194 0.682617 0.791789 0.678711 0.794721 0.670898 0.780059 0.671875 0.769795 0.665039 0.762463 0.666016 0.782991 0.663086 0.784457 0.665039 0.791789 0.663086 0.797654 0.667969 0.803519 0.665039 0.791789 0.667969 0.788856 0.674805 0.810850 0.678711 0.803519 0.682617 0.807918 0.677734 0.831378 0.672852 0.835777 0.677734 0.840176 0.682617 0.868035 0.693359 0.888563 0.691406 0.891496 0.694336 0.900293 0.690430 0.901760 0.687500 0.895894 0.688477 0.906158 0.697266 0.910557 0.703125 0.925220 0.703125 0.936950 0.706055 0.942815 0.704102 0.956012 0.708008 0.953079 0.711914 0.957478 0.712891 0.972141 0.718750 0.978006 0.716797 0.985337 0.721680 0.995601 0.726562 0.995601 0.721680 0.980938 0.724609 0.972141 0.726562 0.975073 0.726562 0.966276 0.720703 0.956012 0.721680 0.950147 0.714844 0.941349 0.715820 0.920821 0.720703 0.914956 0.724609 0.920821 0.722656 0.932551 0.728516 0.938416 0.725586 0.947214 0.734375 0.958944 0.735352 0.979472 0.737305 0.976540 0.740234 0.983871 0.746094 0.983871 0.754883 0.991202 0.753906 0.998534 0.771484 0.998534 0.767578 0.985337 0.759766 0.979472 0.762695 0.973607 0.759766 0.972141 0.757812 0.948680 0.751953 0.947214 0.754883 0.935484 0.747070 0.919355 0.749023 0.901760 0.743164 0.894428 0.742188 0.884164 0.737305 0.884164 0.734375 0.876833 0.737305 0.872434 0.737305 0.863636 0.731445 0.850440 0.733398 0.844575 0.728516 0.838710 0.728516 0.825513 0.721680 0.816716 0.723633 0.812317 0.717773 0.802053 0.718750 0.796188 0.723633 0.796188 0.724609 0.802053 0.732422 0.809384 0.731445 0.821114 0.734375 0.822581 0.734375 0.835777 0.740234 0.840176 0.740234 0.848974 0.743164 0.850440 0.741211 0.859238 0.745117 0.872434 0.748047 0.873900 0.750000 0.891496 0.759766 0.907625 0.756836 0.920821 0.760742 0.936950 0.765625 0.944282 0.769531 0.961877 0.775391 0.966276 0.782227 0.994135 0.785156 0.998534 0.805664 0.995601 0.809570 0.998534 0.805664 0.980938 0.799805 0.975073 0.796875 0.954545 0.792969 0.953079 0.792969 0.945748 0.786133 0.942815 0.790039 0.934018 0.782227 0.931085 0.780273 0.920821 0.777344 0.919355 0.777344 0.903226 0.773438 0.903226 0.770508 0.895894 0.770508 0.878299 0.766602 0.879765 0.762695 0.868035 0.764648 0.854839 0.762695 0.860704 0.759766 0.859238 0.758789 0.837243 0.752930 0.835777 0.743164 0.812317 0.742188 0.802053 0.747070 0.797654 0.747070 0.791789 0.744141 0.791789 0.743164 0.797654 0.737305 0.788856 0.737305 0.781525 0.742188 0.784457 0.743164 0.775660 0.740234 0.774194 0.737305 0.780059 0.730469 0.768328 0.717773 0.730205 0.715820 0.711144 0.712891 0.708211 0.715820 0.703812 0.714844 0.696481 0.708008 0.681818 0.703125 0.681818 0.699219 0.673021 0.696289 0.645161 0.692383 0.637830 0.695312 0.631965 0.695312 0.620235 0.686523 0.623167 0.686523 0.601173 0.689453 0.596774 0.686523 0.583578 0.681641 0.577713 0.677734 0.582111 0.671875 0.576246 0.674805 0.545455 0.671875 0.542522 0.670898 0.530792 0.664062 0.519062 0.664062 0.513196 0.660156 0.513196 0.656250 0.530792 0.653320 0.530792 0.652344 0.523460 0.658203 0.510264 0.655273 0.489736 0.652344 0.485337 0.644531 0.488270
0 0.521484 0.366569 0.515625 0.394428 0.518555 0.406158 0.510742 0.413490 0.512695 0.419355 0.510742 0.482405 0.513672 0.489736 0.510742 0.495601 0.513672 0.510264 0.509766 0.508798 0.509766 0.519062 0.513672 0.526393 0.513672 0.533724 0.508789 0.549853 0.513672 0.567449 0.509766 0.577713 0.509766 0.590909 0.503906 0.590909 0.505859 0.602639 0.503906 0.608504 0.507812 0.608504 0.508789 0.595308 0.516602 0.609971 0.515625 0.620235 0.510742 0.620235 0.508789 0.629032 0.512695 0.651026 0.513672 0.646628 0.515625 0.648094 0.515625 0.667155 0.512695 0.675953 0.515625 0.690616 0.513672 0.693548 0.519531 0.706745 0.528320 0.712610 0.533203 0.706745 0.540039 0.718475 0.534180 0.731672 0.528320 0.731672 0.523438 0.718475 0.518555 0.718475 0.521484 0.731672 0.519531 0.733138 0.534180 0.747801 0.531250 0.772727 0.525391 0.774194 0.524414 0.793255 0.528320 0.804985 0.526367 0.810850 0.535156 0.825513 0.541016 0.813783 0.556641 0.822581 0.557617 0.835777 0.550781 0.841642 0.546875 0.832845 0.545898 0.837243 0.541992 0.837243 0.541016 0.847507 0.547852 0.862170 0.554688 0.862170 0.556641 0.870968 0.571289 0.887097 0.576172 0.917889 0.581055 0.926686 0.578125 0.938416 0.583984 0.945748 0.584961 0.956012 0.587891 0.953079 0.593750 0.960411 0.593750 0.948680 0.599609 0.948680 0.596680 0.942815 0.598633 0.941349 0.596680 0.928152 0.608398 0.929619 0.609375 0.941349 0.618164 0.954545 0.620117 0.970674 0.623047 0.976540 0.630859 0.978006 0.633789 0.995601 0.648438 0.995601 0.646484 0.982405 0.639648 0.979472 0.640625 0.967742 0.643555 0.976540 0.646484 0.976540 0.642578 0.958944 0.634766 0.953079 0.634766 0.948680 0.639648 0.944282 0.639648 0.935484 0.635742 0.934018 0.633789 0.939883 0.627930 0.920821 0.630859 0.914956 0.634766 0.917889 0.634766 0.910557 0.629883 0.901760 0.630859 0.892962 0.624023 0.882698 0.618164 0.881232 0.619141 0.869501 0.624023 0.866569 0.622070 0.856305 0.618164 0.850440 0.613281 0.851906 0.609375 0.844575 0.610352 0.854839 0.605469 0.850440 0.606445 0.841642 0.617188 0.831378 0.611328 0.816716 0.603516 0.813783 0.605469 0.807918 0.603516 0.813783 0.601562 0.812317 0.602539 0.803519 0.608398 0.803519 0.608398 0.793255 0.599609 0.788856 0.601562 0.778592 0.598633 0.771261 0.606445 0.774194 0.608398 0.766862 0.603516 0.760997 0.608398 0.755132 0.602539 0.741935 0.602539 0.728739 0.599609 0.722874 0.601562 0.718475 0.596680 0.712610 0.593750 0.696481 0.589844 0.693548 0.592773 0.686217 0.587891 0.683284 0.587891 0.674487 0.592773 0.671554 0.595703 0.658358 0.589844 0.645161 0.583008 0.643695 0.580078 0.636364 0.583008 0.626100 0.577148 0.618768 0.577148 0.614370 0.583008 0.608504 0.583008 0.598240 0.578125 0.586510 0.576172 0.593842 0.575195 0.582111 0.568359 0.576246 0.570312 0.546921 0.567383 0.536657 0.572266 0.521994 0.565430 0.510264 0.554688 0.469208 0.554688 0.461877 0.558594 0.463343 0.559570 0.457478 0.554688 0.453079 0.554688 0.442815 0.552734 0.442815 0.550781 0.458944 0.547852 0.460411 0.544922 0.456012 0.546875 0.464809 0.543945 0.466276 0.542969 0.473607 0.540039 0.473607 0.540039 0.466276 0.531250 0.464809 0.531250 0.450147 0.534180 0.442815 0.525391 0.432551 0.528320 0.429619 0.525391 0.413490 0.530273 0.398827 0.528320 0.391496 0.531250 0.368035 0.524414 0.370968
0 0.434570 0.186217 0.427734 0.193548 0.429688 0.208211 0.427734 0.225806 0.423828 0.231672 0.420898 0.227273 0.416992 0.231672 0.414062 0.250733 0.416016 0.255132 0.409180 0.266862 0.412109 0.272727 0.406250 0.278592 0.406250 0.309384 0.404297 0.310850 0.406250 0.313783 0.398438 0.326979 0.396484 0.348974 0.397461 0.362170 0.400391 0.366569 0.393555 0.379765 0.387695 0.384164 0.388672 0.394428 0.385742 0.407625 0.388672 0.416422 0.382812 0.426686 0.384766 0.428152 0.382812 0.442815 0.384766 0.453079 0.377930 0.466276 0.380859 0.475073 0.377930 0.488270 0.380859 0.507331 0.375000 0.527859 0.375000 0.545455 0.384766 0.552786 0.387695 0.549853 0.391602 0.560117 0.387695 0.570381 0.390625 0.592375 0.382812 0.601173 0.388672 0.611437 0.382812 0.621701 0.382812 0.627566 0.387695 0.630499 0.385742 0.642229 0.389648 0.642229 0.388672 0.659824 0.382812 0.664223 0.380859 0.673021 0.387695 0.677419 0.385742 0.706745 0.387695 0.709677 0.393555 0.706745 0.398438 0.714076 0.395508 0.721408 0.388672 0.718475 0.390625 0.733138 0.387695 0.741935 0.395508 0.744868 0.400391 0.755132 0.388672 0.762463 0.388672 0.768328 0.400391 0.781525 0.398438 0.796188 0.406250 0.803519 0.406250 0.810850 0.409180 0.813783 0.411133 0.812317 0.406250 0.802053 0.413086 0.771261 0.406250 0.759531 0.405273 0.747801 0.408203 0.744868 0.414062 0.752199 0.416992 0.772727 0.424805 0.793255 0.428711 0.788856 0.424805 0.782991 0.426758 0.778592 0.424805 0.769795 0.428711 0.766862 0.427734 0.750733 0.430664 0.746334 0.428711 0.743402 0.432617 0.744868 0.432617 0.750733 0.436523 0.750733 0.437500 0.739003 0.442383 0.727273 0.440430 0.711144 0.436523 0.706745 0.436523 0.662757 0.439453 0.661290 0.436523 0.643695 0.440430 0.631965 0.439453 0.621701 0.443359 0.618768 0.442383 0.614370 0.445312 0.609971 0.443359 0.605572 0.445312 0.593842 0.439453 0.590909 0.439453 0.583578 0.445312 0.577713 0.437500 0.564516 0.445312 0.557185 0.446289 0.551320 0.445312 0.546921 0.439453 0.548387 0.439453 0.541056 0.433594 0.533724 0.433594 0.523460 0.437500 0.519062 0.440430 0.521994 0.438477 0.533724 0.449219 0.535191 0.447266 0.527859 0.450195 0.521994 0.458008 0.520528 0.461914 0.511730 0.457031 0.504399 0.452148 0.516129 0.447266 0.513196 0.447266 0.520528 0.443359 0.521994 0.442383 0.516129 0.446289 0.507331 0.436523 0.491202 0.437500 0.483871 0.445312 0.488270 0.444336 0.495601 0.446289 0.495601 0.449219 0.483871 0.447266 0.482405 0.449219 0.475073 0.440430 0.467742 0.443359 0.457478 0.439453 0.448680 0.445312 0.444282 0.447266 0.423754 0.443359 0.417889 0.442383 0.407625 0.438477 0.413490 0.431641 0.406158 0.436523 0.387097 0.428711 0.382698 0.426758 0.368035 0.428711 0.360704 0.436523 0.360704 0.434570 0.359238 0.436523 0.347507 0.427734 0.337243 0.424805 0.328446 0.427734 0.325513 0.427734 0.315249 0.423828 0.304985 0.423828 0.296188 0.426758 0.291789 0.423828 0.290323 0.420898 0.278592 0.424805 0.268328 0.428711 0.268328 0.430664 0.246334 0.427734 0.240469 0.436523 0.231672 0.436523 0.219941 0.439453 0.209677 0.434570 0.209677 0.436523 0.205279
0 0.368164 0.063050 0.362305 0.070381 0.356445 0.067449 0.353516 0.071848 0.357422 0.085044 0.350586 0.095308 0.347656 0.111437 0.343750 0.114370 0.343750 0.124633 0.337891 0.131965 0.334961 0.126100 0.332031 0.127566 0.331055 0.139296 0.328125 0.140762 0.326172 0.149560 0.328125 0.151026 0.323242 0.156891 0.322266 0.171554 0.310547 0.192082 0.312500 0.196481 0.304688 0.208211 0.306641 0.211144 0.299805 0.222874 0.300781 0.230205 0.294922 0.244868 0.296875 0.252199 0.291992 0.255132 0.291016 0.266862 0.285156 0.281525 0.281250 0.300587 0.281250 0.322581 0.287109 0.322581 0.291016 0.332845 0.282227 0.344575 0.281250 0.359238 0.276367 0.363636 0.276367 0.385630 0.273438 0.395894 0.275391 0.406158 0.272461 0.409091 0.272461 0.416422 0.268555 0.419355 0.271484 0.431085 0.260742 0.445748 0.262695 0.453079 0.256836 0.485337 0.256836 0.510264 0.250000 0.517595 0.253906 0.530792 0.257812 0.532258 0.250977 0.545455 0.253906 0.551320 0.250977 0.568915 0.259766 0.554252 0.267578 0.563050 0.268555 0.536657 0.271484 0.533724 0.272461 0.489736 0.275391 0.488270 0.281250 0.497067 0.275391 0.511730 0.278320 0.524927 0.280273 0.521994 0.278320 0.517595 0.281250 0.519062 0.284180 0.510264 0.280273 0.502933 0.281250 0.497067 0.287109 0.491202 0.292969 0.473607 0.290039 0.467742 0.291016 0.461877 0.296875 0.454545 0.297852 0.463343 0.301758 0.460411 0.302734 0.450147 0.298828 0.442815 0.303711 0.439883 0.301758 0.419355 0.306641 0.401760 0.310547 0.404692 0.310547 0.422287 0.306641 0.432551 0.317383 0.431085 0.319336 0.416422 0.317383 0.384164 0.321289 0.370968 0.315430 0.360704 0.325195 0.356305 0.325195 0.347507 0.314453 0.351906 0.319336 0.337243 0.317383 0.321114 0.320312 0.313783 0.326172 0.313783 0.323242 0.332845 0.328125 0.338710 0.326172 0.343109 0.333008 0.347507 0.333984 0.329912 0.336914 0.326979 0.333984 0.306452 0.337891 0.302053 0.342773 0.307918 0.342773 0.290323 0.348633 0.285924 0.348633 0.278592 0.353516 0.271261 0.351562 0.266862 0.347656 0.274194 0.342773 0.266862 0.342773 0.256598 0.345703 0.253666 0.342773 0.239003 0.345703 0.231672 0.342773 0.222874 0.348633 0.197947 0.342773 0.195015 0.342773 0.183284 0.346680 0.174487 0.350586 0.174487 0.350586 0.170088 0.346680 0.170088 0.343750 0.164223 0.350586 0.151026 0.348633 0.143695 0.350586 0.129032 0.358398 0.112903 0.359375 0.104106 0.371094 0.083578 0.372070 0.070381
0 0.277344 0.046921 0.273438 0.051320 0.275391 0.060117 0.268555 0.063050 0.267578 0.067449 0.263672 0.067449 0.261719 0.061584 0.265625 0.042522 0.256836 0.055718 0.250000 0.049853 0.251953 0.042522 0.249023 0.039589 0.244141 0.055718 0.238281 0.052786 0.237305 0.060117 0.240234 0.065982 0.232422 0.070381 0.231445 0.077713 0.222656 0.089443 0.224609 0.098240 0.222656 0.111437 0.212891 0.118768 0.203125 0.136364 0.203125 0.145161 0.200195 0.149560 0.193359 0.151026 0.188477 0.159824 0.181641 0.195015 0.172852 0.199413 0.171875 0.221408 0.162109 0.236070 0.165039 0.252199 0.160156 0.268328 0.163086 0.275660 0.170898 0.277126 0.172852 0.285924 0.181641 0.277126 0.185547 0.280059 0.184570 0.290323 0.187500 0.299120 0.180664 0.312317 0.184570 0.304985 0.187500 0.306452 0.187500 0.313783 0.192383 0.312317 0.192383 0.303519 0.196289 0.299120 0.194336 0.290323 0.199219 0.284457 0.199219 0.274194 0.205078 0.262463 0.202148 0.256598 0.205078 0.255132 0.205078 0.246334 0.209961 0.244868 0.212891 0.227273 0.217773 0.225806 0.217773 0.212610 0.211914 0.202346 0.221680 0.206745 0.224609 0.200880 0.223633 0.193548 0.228516 0.187683 0.225586 0.175953 0.228516 0.173021 0.231445 0.177419 0.233398 0.173021 0.230469 0.165689 0.237305 0.162757 0.240234 0.155425 0.234375 0.161290 0.233398 0.152493 0.246094 0.148094 0.246094 0.136364 0.250000 0.130499 0.246094 0.117302 0.250000 0.102639 0.254883 0.098240 0.252930 0.090909 0.259766 0.085044 0.260742 0.092375 0.264648 0.092375 0.262695 0.082111 0.275391 0.068915
0 0.253906 0.008798 0.254883 0.023460 0.256836 0.016129
0 0.254883 0.000000 0.244141 0.000000 0.247070 0.005865 0.245117 0.019062 0.249023 0.017595 0.247070 0.010264 0.249023 0.004399
0 0.217773 0.000000 0.206055 0.000000 0.197266 0.011730 0.191406 0.011730 0.174805 0.033724 0.171875 0.045455 0.166992 0.048387 0.166016 0.060117 0.162109 0.063050 0.161133 0.070381 0.157227 0.071848 0.151367 0.089443 0.149414 0.102639 0.151367 0.111437 0.143555 0.117302 0.143555 0.124633 0.140625 0.127566 0.141602 0.139296 0.149414 0.137830 0.141602 0.159824 0.144531 0.168622 0.141602 0.173021 0.143555 0.175953 0.141602 0.181818 0.145508 0.183284 0.148438 0.178886 0.150391 0.165689 0.153320 0.164223 0.150391 0.155425 0.164062 0.139296 0.162109 0.129032 0.173828 0.112903 0.171875 0.104106 0.179688 0.098240 0.187500 0.079179 0.184570 0.074780 0.186523 0.070381 0.196289 0.064516 0.197266 0.058651 0.193359 0.051320 0.195312 0.046921 0.202148 0.045455 0.200195 0.033724 0.208008 0.033724 0.211914 0.027859 0.212891 0.010264 0.217773 0.007331 0.215820 0.002933