0 0.529297 0.730205 0.517578 0.750733 0.522461 0.747801
0 0.673828 0.659824 0.672852 0.668622 0.675781 0.673021 0.677734 0.664223
0 0.573242 0.651026 0.560547 0.665689 0.556641 0.677419 0.553711 0.675953 0.556641 0.665689 0.551758 0.670088 0.545898 0.695015 0.539062 0.708211 0.542969 0.700880 0.544922 0.702346 0.544922 0.709677 0.537109 0.724340 0.538086 0.727273 0.541016 0.722874 0.541992 0.727273 0.526367 0.747801 0.536133 0.741935 0.533203 0.747801 0.541016 0.741935 0.560547 0.695015
0 0.735352 0.546921 0.735352 0.560117 0.737305 0.560117 0.737305 0.546921
0 0.625977 0.541056 0.623047 0.557185 0.625000 0.577713 0.621094 0.580645 0.623047 0.582111 0.620117 0.585044 0.620117 0.592375 0.611328 0.602639 0.604492 0.639296 0.603516 0.630499 0.607422 0.611437 0.602539 0.614370 0.600586 0.607038 0.598633 0.608504 0.600586 0.612903 0.588867 0.667155 0.583984 0.674487 0.576172 0.709677 0.561523 0.743402 0.569336 0.722874 0.573242 0.719941 0.570312 0.741935 0.579102 0.739003 0.588867 0.715543 0.588867 0.702346 0.592773 0.699413 0.595703 0.703812 0.590820 0.727273 0.603516 0.695015 0.622070 0.612903
0 0.696289 0.524927 0.694336 0.541056 0.697266 0.551320
0 0.647461 0.524927 0.644531 0.526393 0.648438 0.563050 0.645508 0.570381 0.644531 0.551320 0.642578 0.551320 0.640625 0.605572 0.642578 0.612903 0.639648 0.614370 0.635742 0.640762 0.638672 0.648094 0.634766 0.655425 0.632812 0.653959 0.623047 0.705279 0.614258 0.719941 0.622070 0.718475 0.627930 0.708211 0.643555 0.640762 0.650391 0.582111 0.651367 0.535191
0 0.662109 0.504399 0.660156 0.511730 0.663086 0.526393 0.657227 0.527859 0.656250 0.533724 0.654297 0.530792 0.657227 0.535191 0.654297 0.541056 0.654297 0.538123 0.654297 0.551320 0.657227 0.555718 0.654297 0.557185 0.654297 0.577713 0.652344 0.579179 0.654297 0.583578 0.649414 0.617302 0.651367 0.615836 0.652344 0.620235 0.648438 0.621701 0.645508 0.639296 0.648438 0.653959 0.646484 0.658358 0.642578 0.655425 0.641602 0.667155 0.643555 0.664223 0.644531 0.668622 0.640625 0.673021 0.638672 0.686217 0.641602 0.674487 0.646484 0.668622 0.647461 0.675953 0.650391 0.664223 0.649414 0.659824 0.648438 0.667155 0.644531 0.667155 0.653320 0.637830 0.656250 0.605572 0.659180 0.602639 0.659180 0.583578 0.662109 0.574780 0.660156 0.567449 0.664062 0.551320
0 0.672852 0.476540 0.676758 0.483871 0.673828 0.488270 0.676758 0.498534 0.676758 0.485337 0.683594 0.497067 0.683594 0.521994 0.686523 0.523460 0.683594 0.612903 0.680664 0.617302 0.678711 0.653959 0.686523 0.621701 0.690430 0.548387 0.688477 0.546921 0.685547 0.489736 0.679688 0.478006
0 0.692383 0.472141 0.685547 0.480938 0.688477 0.485337 0.691406 0.479472 0.693359 0.492669
0 0.694336 0.457478 0.694336 0.469208 0.697266 0.472141
0 0.732422 0.441349 0.738281 0.495601 0.737305 0.467742
0 0.717773 0.441349 0.720703 0.458944 0.719727 0.476540 0.722656 0.483871 0.723633 0.529326 0.725586 0.530792 0.724609 0.593842 0.729492 0.579179 0.728516 0.501466 0.724609 0.467742
0 0.520508 0.129032 0.657227 0.129032 0.656250 0.126100 0.523438 0.126100