0 0.534180 0.825513 0.524414 0.826979 0.518555 0.835777 0.530273 0.831378
0 0.589844 0.816716 0.582031 0.822581 0.582031 0.826979 0.585938 0.826979
0 0.603516 0.804985 0.597656 0.804985 0.593750 0.813783 0.602539 0.810850
0 0.523438 0.794721 0.510742 0.799120 0.504883 0.807918 0.495117 0.813783 0.498047 0.816716 0.503906 0.812317 0.512695 0.813783 0.516602 0.803519 0.523438 0.802053 0.521484 0.800587
0 0.578125 0.784457 0.571289 0.781525 0.550781 0.797654 0.556641 0.800587 0.565430 0.791789 0.577148 0.788856
0 0.561523 0.778592 0.535156 0.794721 0.524414 0.807918 0.539062 0.800587 0.543945 0.793255 0.545898 0.796188
0 0.474609 0.744868 0.463867 0.750733 0.467773 0.753666
0 0.530273 0.739003 0.519531 0.746334 0.528320 0.743402
0 0.550781 0.728739 0.555664 0.730205 0.555664 0.727273
0 0.471680 0.727273 0.465820 0.728739 0.468750 0.734604 0.465820 0.741935 0.454102 0.746334 0.471680 0.737537 0.468750 0.736070
0 0.530273 0.719941 0.528320 0.715543 0.521484 0.715543 0.505859 0.728739 0.500977 0.728739 0.495117 0.740469 0.511719 0.730205 0.515625 0.721408
0 0.579102 0.702346 0.583984 0.699413 0.587891 0.703812 0.596680 0.702346 0.602539 0.696481 0.593750 0.697947 0.588867 0.692082
0 0.528320 0.695015 0.524414 0.696481 0.512695 0.687683 0.506836 0.692082 0.509766 0.697947 0.505859 0.703812 0.478516 0.718475 0.488281 0.719941 0.479492 0.731672 0.504883 0.717009
0 0.477539 0.648094 0.459961 0.653959 0.452148 0.662757 0.434570 0.668622 0.421875 0.678886 0.446289 0.670088 0.458984 0.661290 0.459961 0.667155 0.476562 0.661290 0.477539 0.658358 0.469727 0.658358 0.468750 0.652493
0 0.358398 0.634897 0.350586 0.639296 0.355469 0.646628
0 0.378906 0.630499 0.378906 0.636364 0.383789 0.636364 0.383789 0.630499
0 0.520508 0.621701 0.515625 0.621701 0.510742 0.627566 0.515625 0.627566
0 0.369141 0.617302 0.363281 0.617302 0.356445 0.624633 0.364258 0.624633
0 0.364258 0.596774 0.358398 0.601173 0.354492 0.598240 0.349609 0.604106 0.354492 0.601173 0.358398 0.604106
0 0.483398 0.579179 0.465820 0.582111 0.464844 0.579179 0.470703 0.570381 0.464844 0.573314 0.459961 0.570381 0.456055 0.577713 0.448242 0.574780 0.443359 0.582111 0.434570 0.582111 0.437500 0.573314 0.442383 0.571848 0.438477 0.568915 0.419922 0.583578 0.421875 0.586510 0.418945 0.590909 0.413086 0.586510 0.400391 0.592375 0.395508 0.602639 0.378906 0.615836 0.390625 0.612903 0.406250 0.615836 0.410156 0.605572 0.417969 0.604106 0.421875 0.596774 0.436523 0.595308 0.438477 0.590909 0.446289 0.590909 0.450195 0.601173 0.456055 0.604106 0.469727 0.589443 0.481445 0.585044
0 0.405273 0.563050 0.397461 0.560117 0.375977 0.570381 0.373047 0.576246 0.380859 0.580645 0.375000 0.590909 0.381836 0.586510 0.385742 0.589443 0.389648 0.586510 0.390625 0.590909 0.397461 0.586510 0.397461 0.582111 0.390625 0.582111 0.387695 0.586510 0.381836 0.586510 0.380859 0.582111 0.387695 0.580645 0.391602 0.567449 0.400391 0.567449
0 0.502930 0.564516 0.498047 0.563050 0.496094 0.555718 0.487305 0.560117 0.494141 0.563050 0.490234 0.568915 0.490234 0.576246 0.501953 0.571848
0 0.474609 0.551320 0.453125 0.560117 0.450195 0.565982 0.455078 0.565982
0 0.458008 0.527859 0.437500 0.535191 0.436523 0.539589 0.422852 0.546921 0.421875 0.552786 0.427734 0.549853 0.428711 0.557185 0.436523 0.557185 0.449219 0.545455 0.451172 0.539589 0.456055 0.538123
0 0.484375 0.456012 0.471680 0.461877 0.468750 0.472141 0.475586 0.464809 0.480469 0.464809
0 0.442383 0.414956 0.427734 0.417889 0.417969 0.426686 0.413086 0.426686 0.408203 0.417889 0.401367 0.419355 0.403320 0.429619 0.385742 0.442815 0.390625 0.447214 0.390625 0.453079 0.382812 0.460411 0.388672 0.456012 0.396484 0.458944 0.401367 0.453079 0.406250 0.456012 0.413086 0.448680 0.420898 0.448680 0.420898 0.442815 0.425781 0.436950 0.434570 0.435484 0.439453 0.429619 0.439453 0.419355
0 0.461914 0.329912 0.441406 0.334311 0.419922 0.354839 0.426758 0.354839 0.432617 0.347507 0.440430 0.350440 0.449219 0.346041
0 0.358398 0.329912 0.344727 0.326979 0.340820 0.332845 0.329102 0.335777 0.352539 0.337243
0 0.453125 0.315249 0.447266 0.312317 0.449219 0.304985 0.441406 0.304985 0.413086 0.324047 0.422852 0.324047 0.416992 0.329912 0.416016 0.335777 0.421875 0.328446 0.430664 0.331378 0.449219 0.324047
0 0.371094 0.290323 0.359375 0.290323 0.358398 0.282991 0.351562 0.282991 0.343750 0.287390 0.336914 0.297654 0.322266 0.296188 0.306641 0.307918 0.311523 0.307918 0.313477 0.303519 0.330078 0.303519 0.333984 0.299120 0.339844 0.302053 0.349609 0.291789 0.356445 0.299120 0.362305 0.299120
0 0.371094 0.244868 0.354492 0.246334 0.333984 0.266862 0.362305 0.262463
0 0.389648 0.227273 0.372070 0.234604 0.383789 0.233138
0 0.406250 0.221408 0.398438 0.225806 0.405273 0.225806
0 0.356445 0.173021 0.374023 0.183284 0.380859 0.177419 0.381836 0.165689 0.376953 0.170088 0.366211 0.165689