0 0.792969 0.985337 0.791016 0.982405 0.788086 0.986804 0.786133 0.980938 0.781250 0.980938 0.780273 0.989736 0.773438 0.986804 0.766602 0.994135 0.777344 0.995601 0.778320 0.991202 0.786133 0.994135
0 0.713867 0.980938 0.716797 0.976540 0.719727 0.979472 0.723633 0.976540 0.713867 0.973607
0 0.657227 0.972141 0.654297 0.982405 0.656250 0.988270 0.653320 0.991202 0.661133 0.995601 0.656250 0.986804 0.662109 0.976540
0 0.800781 0.967742 0.799805 0.975073 0.802734 0.975073 0.802734 0.967742
0 0.842773 0.958944 0.830078 0.972141 0.826172 0.972141 0.825195 0.976540 0.835938 0.967742 0.842773 0.967742
0 0.851562 0.954545 0.851562 0.957478 0.856445 0.956012
0 0.714844 0.970674 0.710938 0.958944 0.705078 0.953079 0.700195 0.961877 0.692383 0.969208 0.687500 0.967742 0.686523 0.972141 0.679688 0.961877 0.671875 0.963343 0.669922 0.967742 0.679688 0.966276 0.686523 0.972141 0.687500 0.976540 0.684570 0.979472 0.688477 0.988270 0.695312 0.985337 0.689453 0.978006 0.697266 0.976540 0.703125 0.957478 0.709961 0.970674
0 0.615234 0.950147 0.607422 0.953079 0.609375 0.964809
0 0.755859 0.942815 0.764648 0.941349 0.765625 0.948680 0.768555 0.951613 0.771484 0.948680 0.768555 0.939883 0.765625 0.942815 0.762695 0.938416
0 0.840820 0.929619 0.835938 0.931085 0.837891 0.939883 0.831055 0.938416 0.830078 0.931085 0.828125 0.935484 0.825195 0.934018 0.824219 0.939883 0.820312 0.939883 0.819336 0.931085 0.816406 0.931085 0.816406 0.942815 0.807617 0.951613 0.811523 0.953079 0.813477 0.948680 0.817383 0.951613 0.825195 0.942815 0.837891 0.942815 0.840820 0.938416 0.837891 0.931085
0 0.127930 0.920821 0.128906 0.936950 0.136719 0.942815 0.132812 0.925220
0 0.818359 0.910557 0.804688 0.916422 0.797852 0.931085 0.799805 0.938416 0.808594 0.944282 0.806641 0.935484 0.809570 0.936950 0.809570 0.934018 0.804688 0.934018 0.801758 0.926686 0.803711 0.923754 0.804688 0.928152 0.811523 0.929619 0.805664 0.922287 0.812500 0.914956 0.817383 0.917889
0 0.849609 0.910557 0.855469 0.910557 0.855469 0.907625
0 0.917969 0.895894 0.912109 0.901760 0.917969 0.900293
0 0.934570 0.878299 0.927734 0.875367 0.923828 0.882698 0.921875 0.879765 0.918945 0.884164 0.913086 0.884164 0.914062 0.887097 0.910156 0.891496 0.916992 0.885630 0.921875 0.890029 0.922852 0.882698 0.934570 0.881232
0 0.895508 0.873900 0.892578 0.878299 0.887695 0.875367 0.884766 0.882698 0.875977 0.884164 0.875000 0.879765 0.880859 0.878299 0.881836 0.869501 0.877930 0.869501 0.875000 0.863636 0.872070 0.872434 0.866211 0.873900 0.867188 0.878299 0.875000 0.878299 0.874023 0.882698 0.867188 0.884164 0.870117 0.891496 0.867188 0.891496 0.866211 0.897361 0.857422 0.887097 0.843750 0.900293 0.848633 0.901760 0.850586 0.894428 0.853516 0.897361 0.850586 0.904692 0.858398 0.901760 0.862305 0.906158 0.872070 0.891496 0.875000 0.894428 0.881836 0.891496 0.880859 0.904692 0.887695 0.906158 0.890625 0.898827 0.889648 0.903226 0.885742 0.903226 0.883789 0.895894 0.889648 0.890029 0.887695 0.882698 0.896484 0.882698
0 0.247070 0.865103 0.250000 0.870968 0.256836 0.868035 0.256836 0.876833 0.264648 0.873900 0.269531 0.878299 0.266602 0.882698 0.272461 0.881232 0.270508 0.875367 0.265625 0.875367 0.256836 0.865103 0.252930 0.869501
0 0.921875 0.860704 0.918945 0.860704 0.916992 0.868035
0 0.897461 0.859238 0.901367 0.882698 0.911133 0.882698 0.915039 0.876833 0.908203 0.876833 0.910156 0.870968 0.915039 0.870968 0.912109 0.863636 0.903320 0.872434 0.899414 0.863636 0.905273 0.863636 0.905273 0.860704
0 0.943359 0.856305 0.937500 0.860704 0.938477 0.866569 0.942383 0.863636
0 0.945312 0.851906 0.951172 0.860704 0.952148 0.870968 0.953125 0.860704 0.949219 0.851906
0 0.931641 0.848974 0.928711 0.846041 0.926758 0.851906 0.921875 0.853372
0 0.951172 0.840176 0.953125 0.854839 0.958008 0.844575 0.953125 0.848974
0 0.207031 0.831378 0.220703 0.840176 0.214844 0.832845
0 0.053711 0.821114 0.057617 0.837243 0.053711 0.847507 0.063477 0.863636 0.068359 0.865103 0.066406 0.870968 0.073242 0.887097 0.071289 0.897361 0.073242 0.904692 0.077148 0.904692 0.074219 0.892962 0.083008 0.882698 0.084961 0.894428 0.079102 0.898827 0.082031 0.913490 0.087891 0.917889 0.090820 0.913490 0.095703 0.923754 0.102539 0.909091 0.110352 0.920821 0.112305 0.936950 0.115234 0.929619 0.118164 0.932551 0.122070 0.929619 0.125000 0.934018 0.119141 0.923754 0.117188 0.907625 0.105469 0.890029 0.103516 0.879765 0.099609 0.882698 0.096680 0.878299 0.098633 0.868035 0.090820 0.851906 0.081055 0.844575 0.077148 0.850440 0.072266 0.846041 0.062500 0.854839 0.058594 0.848974 0.061523 0.837243
0 0.978516 0.822581 0.969727 0.816716 0.972656 0.824047 0.968750 0.825513 0.965820 0.818182 0.965820 0.831378 0.960938 0.835777 0.968750 0.835777 0.969727 0.826979 0.978516 0.825513
0 0.269531 0.807918 0.269531 0.813783 0.277344 0.824047
0 0.987305 0.797654 0.974609 0.807918 0.979492 0.819648 0.983398 0.819648 0.981445 0.813783 0.984375 0.812317
0 0.050781 0.791789 0.050781 0.802053 0.055664 0.806452 0.056641 0.799120
0 0.244141 0.788856 0.247070 0.800587 0.250000 0.796188 0.252930 0.797654 0.250000 0.788856
0 0.229492 0.758065 0.226562 0.768328 0.231445 0.771261 0.229492 0.777126 0.233398 0.782991 0.236328 0.774194
0 0.157227 0.721408 0.156250 0.731672 0.165039 0.744868 0.157227 0.747801 0.156250 0.753666 0.160156 0.760997 0.163086 0.756598 0.168945 0.760997 0.166992 0.772727 0.169922 0.778592 0.172852 0.772727 0.177734 0.775660 0.177734 0.781525 0.171875 0.782991 0.177734 0.791789 0.186523 0.787390 0.187500 0.797654 0.193359 0.799120 0.191406 0.810850 0.199219 0.813783 0.200195 0.807918 0.201172 0.813783 0.209961 0.815249 0.211914 0.799120 0.205078 0.797654 0.208008 0.793255 0.206055 0.791789 0.208008 0.781525 0.200195 0.777126 0.199219 0.768328 0.194336 0.763930 0.194336 0.756598 0.190430 0.755132 0.187500 0.760997 0.186523 0.746334 0.180664 0.746334 0.184570 0.741935 0.172852 0.733138 0.167969 0.724340
0 0.193359 0.714076 0.187500 0.718475 0.191406 0.721408 0.191406 0.730205 0.194336 0.725806
0 0.175781 0.687683 0.179688 0.702346 0.179688 0.690616
0 0.160156 0.664223 0.166992 0.689150 0.174805 0.703812 0.171875 0.696481 0.173828 0.681818 0.169922 0.690616
0 0.612305 0.661290 0.606445 0.670088 0.612305 0.667155
0 0.441406 0.629032 0.440430 0.637830 0.447266 0.639296 0.444336 0.643695 0.453125 0.642229 0.457031 0.648094 0.453125 0.653959 0.454102 0.670088 0.458984 0.670088 0.461914 0.655425 0.471680 0.658358 0.475586 0.671554 0.465820 0.671554 0.468750 0.674487 0.486328 0.674487 0.490234 0.667155 0.483398 0.653959 0.471680 0.656891 0.470703 0.652493 0.466797 0.652493 0.462891 0.637830 0.458008 0.633431 0.451172 0.634897 0.449219 0.626100
0 0.136719 0.621701 0.128906 0.637830 0.132812 0.636364
0 0.389648 0.620235 0.385742 0.624633 0.389648 0.624633
0 0.406250 0.617302 0.409180 0.629032 0.406250 0.639296 0.415039 0.633431 0.419922 0.640762 0.418945 0.648094 0.423828 0.646628 0.425781 0.652493 0.434570 0.648094 0.441406 0.662757 0.445312 0.661290 0.443359 0.656891 0.445312 0.649560 0.437500 0.642229 0.436523 0.630499 0.431641 0.629032 0.427734 0.617302 0.424805 0.620235 0.421875 0.615836 0.421875 0.627566 0.418945 0.630499 0.412109 0.629032
0 0.375000 0.593842 0.372070 0.596774 0.373047 0.604106 0.375000 0.604106
0 0.353516 0.586510 0.358398 0.592375 0.358398 0.583578
0 0.365234 0.563050 0.363281 0.565982 0.366211 0.580645 0.362305 0.582111 0.363281 0.589443 0.368164 0.580645
0 0.355469 0.551320 0.350586 0.551320 0.354492 0.555718 0.354492 0.565982 0.351562 0.567449 0.353516 0.571848 0.350586 0.577713 0.346680 0.579179 0.342773 0.568915 0.338867 0.570381 0.338867 0.576246 0.343750 0.580645 0.335938 0.586510 0.343750 0.592375 0.340820 0.589443 0.343750 0.580645 0.349609 0.583578 0.346680 0.589443 0.350586 0.577713 0.356445 0.580645 0.353516 0.573314 0.356445 0.568915 0.358398 0.571848 0.359375 0.558651
0 0.328125 0.526393 0.328125 0.533724 0.320312 0.535191 0.316406 0.543988 0.318359 0.554252 0.312500 0.554252 0.310547 0.558651 0.316406 0.568915 0.319336 0.565982 0.328125 0.576246 0.340820 0.558651 0.335938 0.558651 0.331055 0.570381 0.325195 0.567449 0.324219 0.558651 0.322266 0.563050 0.314453 0.563050 0.328125 0.533724 0.333008 0.533724 0.334961 0.542522 0.339844 0.542522 0.340820 0.536657
0 0.079102 0.466276 0.079102 0.472141 0.083984 0.476540 0.083008 0.469208
0 0.245117 0.457478 0.250000 0.464809 0.250977 0.473607 0.259766 0.480938 0.257812 0.486804 0.265625 0.498534 0.266602 0.505865 0.278320 0.510264 0.284180 0.517595 0.283203 0.523460 0.275391 0.526393 0.279297 0.533724 0.287109 0.533724 0.288086 0.526393 0.296875 0.538123 0.302734 0.538123 0.306641 0.549853 0.312500 0.548387 0.305664 0.530792 0.299805 0.535191 0.287109 0.521994 0.284180 0.498534 0.288086 0.495601 0.289062 0.500000 0.296875 0.504399 0.296875 0.510264 0.309570 0.502933 0.312500 0.508798 0.310547 0.514663 0.311523 0.504399 0.296875 0.489736 0.292969 0.479472 0.276367 0.483871 0.272461 0.470674 0.266602 0.470674 0.258789 0.460411 0.255859 0.466276 0.252930 0.460411 0.255859 0.457478 0.250000 0.460411 0.249023 0.454545
0 0.389648 0.442815 0.377930 0.447214 0.381836 0.454545 0.378906 0.458944 0.383789 0.460411 0.380859 0.450147 0.385742 0.445748 0.387695 0.450147 0.384766 0.453079 0.390625 0.454545
0 0.348633 0.426686 0.344727 0.431085 0.348633 0.431085
0 0.094727 0.395894 0.088867 0.403226 0.086914 0.413490 0.090820 0.406158 0.095703 0.407625 0.096680 0.412023 0.091797 0.413490 0.093750 0.420821 0.088867 0.419355 0.090820 0.426686 0.086914 0.429619 0.088867 0.435484 0.092773 0.435484 0.092773 0.423754 0.098633 0.417889 0.097656 0.426686 0.102539 0.428152 0.102539 0.435484 0.097656 0.438416 0.094727 0.434018 0.103516 0.454545 0.100586 0.456012 0.101562 0.451613 0.099609 0.451613 0.093750 0.466276 0.089844 0.463343 0.090820 0.454545 0.084961 0.457478 0.083984 0.463343 0.086914 0.460411 0.093750 0.473607 0.101562 0.467742 0.102539 0.476540 0.093750 0.478006 0.092773 0.488270 0.088867 0.488270 0.083984 0.479472 0.083984 0.492669 0.079102 0.494135 0.079102 0.501466 0.083008 0.501466 0.085938 0.495601 0.087891 0.510264 0.096680 0.516129 0.092773 0.526393 0.084961 0.532258 0.084961 0.538123 0.092773 0.539589 0.096680 0.545455 0.096680 0.557185 0.100586 0.568915 0.099609 0.580645 0.102539 0.583578 0.096680 0.587977 0.100586 0.604106 0.102539 0.605572 0.103516 0.598240 0.106445 0.596774 0.112305 0.605572 0.109375 0.612903 0.113281 0.614370 0.115234 0.623167 0.109375 0.629032 0.110352 0.639296 0.119141 0.637830 0.120117 0.642229 0.125000 0.643695 0.125000 0.652493 0.130859 0.656891 0.129883 0.662757 0.125977 0.662757 0.124023 0.656891 0.119141 0.661290 0.120117 0.670088 0.133789 0.686217 0.133789 0.674487 0.129883 0.668622 0.134766 0.662757 0.141602 0.684751 0.146484 0.684751 0.143555 0.668622 0.140625 0.668622 0.137695 0.661290 0.137695 0.652493 0.134766 0.648094 0.136719 0.643695 0.133789 0.640762 0.128906 0.643695 0.122070 0.629032 0.126953 0.623167 0.129883 0.605572 0.133789 0.605572 0.129883 0.587977 0.125000 0.577713 0.122070 0.582111 0.119141 0.577713 0.122070 0.568915 0.119141 0.570381 0.118164 0.577713 0.115234 0.571848 0.117188 0.563050 0.114258 0.567449 0.109375 0.563050 0.111328 0.558651 0.108398 0.551320 0.106445 0.557185 0.109375 0.560117 0.107422 0.567449 0.109375 0.571848 0.106445 0.573314 0.101562 0.549853 0.096680 0.545455 0.099609 0.541056 0.093750 0.535191 0.095703 0.533724 0.093750 0.523460 0.096680 0.519062 0.102539 0.520528 0.100586 0.521994 0.104492 0.527859 0.102539 0.539589 0.104492 0.543988 0.111328 0.543988 0.111328 0.535191 0.114258 0.530792 0.108398 0.530792 0.110352 0.520528 0.114258 0.523460 0.101562 0.505865 0.102539 0.497067 0.106445 0.497067 0.107422 0.501466 0.109375 0.497067 0.106445 0.472141 0.108398 0.447214 0.099609 0.425220 0.098633 0.407625
0 0.374023 0.360704 0.370117 0.356305 0.366211 0.365103
0 0.203125 0.304985 0.194336 0.306452 0.194336 0.309384
0 0.160156 0.287390 0.156250 0.299120 0.164062 0.307918 0.162109 0.300587 0.164062 0.296188 0.161133 0.296188 0.164062 0.290323
0 0.186523 0.282991 0.187500 0.288856 0.182617 0.290323 0.180664 0.280059 0.175781 0.281525 0.175781 0.294721 0.171875 0.297654 0.169922 0.293255 0.171875 0.297654 0.169922 0.302053 0.173828 0.303519 0.186523 0.291789
0 0.163086 0.280059 0.165039 0.285924 0.167969 0.284457
0 0.094727 0.199413 0.091797 0.209677 0.098633 0.214076 0.096680 0.209677 0.098633 0.206745
0 0.086914 0.174487 0.084961 0.175953 0.086914 0.183284
0 0.104492 0.175953 0.106445 0.190616 0.118164 0.181818 0.116211 0.178886 0.112305 0.183284 0.111328 0.173021 0.107422 0.173021 0.108398 0.178886
0 0.093750 0.151026 0.091797 0.158358 0.084961 0.164223 0.086914 0.167155 0.095703 0.158358