0 0.927734 0.705279 0.898438 0.728739 0.896484 0.741935 0.885742 0.746334 0.875977 0.758065 0.873047 0.766862 0.875000 0.780059 0.868164 0.790323 0.851562 0.803519 0.853516 0.824047 0.849609 0.831378 0.844727 0.831378 0.838867 0.847507 0.831055 0.860704 0.828125 0.860704 0.828125 0.881232 0.822266 0.884164 0.822266 0.890029 0.812500 0.901760 0.812500 0.906158 0.803711 0.912023 0.797852 0.907625 0.795898 0.914956 0.778320 0.931085 0.779297 0.947214 0.784180 0.957478 0.782227 0.966276 0.790039 0.966276 0.795898 0.948680 0.808594 0.938416 0.814453 0.916422 0.827148 0.904692 0.828125 0.884164 0.836914 0.876833 0.841797 0.863636 0.844727 0.866569 0.849609 0.863636 0.866211 0.835777 0.871094 0.835777 0.873047 0.825513 0.879883 0.824047 0.880859 0.815249 0.889648 0.807918 0.889648 0.790323 0.892578 0.787390 0.890625 0.784457 0.911133 0.763930 0.909180 0.747801 0.923828 0.730205
0 0.717773 0.637830 0.707031 0.634897 0.703125 0.640762 0.703125 0.651026 0.688477 0.671554 0.685547 0.683284 0.671875 0.697947 0.665039 0.718475 0.657227 0.728739 0.656250 0.740469 0.666992 0.727273 0.674805 0.725806 0.678711 0.719941 0.682617 0.721408 0.680664 0.737537 0.670898 0.756598 0.666016 0.758065 0.664062 0.750733 0.656250 0.756598 0.641602 0.785924 0.637695 0.810850 0.643555 0.802053 0.652344 0.806452 0.655273 0.797654 0.670898 0.777126 0.670898 0.771261 0.679688 0.765396 0.680664 0.756598 0.688477 0.743402 0.695312 0.744868 0.702148 0.737537 0.705078 0.727273 0.702148 0.719941 0.708008 0.712610 0.708984 0.703812 0.717773 0.696481 0.717773 0.690616 0.731445 0.670088 0.729492 0.658358 0.719727 0.664223 0.714844 0.673021 0.706055 0.671554 0.708984 0.653959
0 0.464844 0.488270 0.453125 0.507331 0.457031 0.511730 0.458984 0.529326 0.470703 0.505865 0.468750 0.501466 0.470703 0.498534 0.465820 0.495601
0 0.864258 0.426686 0.860352 0.426686 0.859375 0.422287 0.848633 0.426686 0.841797 0.423754 0.830078 0.442815 0.823242 0.442815 0.813477 0.454545 0.812500 0.472141 0.808594 0.478006 0.797852 0.473607 0.794922 0.488270 0.785156 0.498534 0.784180 0.510264 0.777344 0.520528 0.769531 0.523460 0.755859 0.561584 0.740234 0.589443 0.734375 0.593842 0.734375 0.604106 0.729492 0.605572 0.718750 0.633431 0.730469 0.642229 0.734375 0.633431 0.742188 0.629032 0.740234 0.615836 0.750977 0.599707 0.754883 0.599707 0.758789 0.583578 0.764648 0.580645 0.766602 0.573314 0.772461 0.571848 0.786133 0.548387 0.787109 0.535191 0.808594 0.507331 0.808594 0.494135 0.837891 0.445748 0.842773 0.444282 0.843750 0.450147 0.850586 0.448680
0 0.724609 0.414956 0.704102 0.434018 0.702148 0.441349 0.696289 0.442815 0.687500 0.457478 0.685547 0.451613 0.672852 0.469208 0.662109 0.497067 0.663086 0.501466 0.667969 0.500000 0.668945 0.507331 0.650391 0.539589 0.645508 0.535191 0.652344 0.516129 0.649414 0.513196 0.625977 0.543988 0.621094 0.558651 0.613281 0.563050 0.608398 0.577713 0.600586 0.574780 0.598633 0.582111 0.593750 0.583578 0.590820 0.593842 0.593750 0.604106 0.590820 0.612903 0.576172 0.630499 0.578125 0.637830 0.576172 0.646628 0.590820 0.642229 0.599609 0.631965 0.606445 0.607038 0.617188 0.599707 0.621094 0.592375 0.624023 0.568915 0.629883 0.565982 0.629883 0.558651 0.633789 0.557185 0.637695 0.545455 0.644531 0.546921 0.644531 0.557185 0.640625 0.560117 0.637695 0.576246 0.646484 0.571848 0.648438 0.555718 0.656250 0.542522 0.664062 0.542522 0.666016 0.532258 0.673828 0.519062 0.674805 0.511730 0.670898 0.507331 0.682617 0.488270 0.697266 0.486804 0.702148 0.479472 0.703125 0.466276 0.708008 0.464809 0.717773 0.448680 0.717773 0.436950 0.721680 0.432551 0.721680 0.419355
0 0.726562 0.337243 0.719727 0.340176 0.715820 0.354839 0.709961 0.363636 0.711914 0.369501 0.721680 0.348974 0.726562 0.347507
0 0.417969 0.291789 0.412109 0.293255 0.411133 0.287390 0.406250 0.287390 0.404297 0.299120 0.393555 0.309384 0.390625 0.316716 0.390625 0.338710 0.382812 0.351906 0.384766 0.359238 0.378906 0.366569 0.380859 0.373900 0.386719 0.370968 0.393555 0.353372 0.400391 0.347507 0.400391 0.340176 0.408203 0.321114 0.413086 0.318182 0.416016 0.306452 0.420898 0.302053
0 0.771484 0.199413 0.750000 0.196481 0.745117 0.199413 0.743164 0.208211 0.734375 0.209677 0.727539 0.237537 0.704102 0.259531 0.697266 0.275660 0.682617 0.291789 0.680664 0.300587 0.672852 0.304985 0.670898 0.310850 0.666016 0.310850 0.659180 0.324047 0.662109 0.331378 0.656250 0.346041 0.625000 0.381232 0.618164 0.401760 0.609375 0.410557 0.609375 0.420821 0.591797 0.442815 0.590820 0.458944 0.582031 0.470674 0.582031 0.486804 0.578125 0.489736 0.578125 0.497067 0.575195 0.498534 0.572266 0.510264 0.563477 0.517595 0.559570 0.548387 0.541992 0.582111 0.544922 0.592375 0.532227 0.620235 0.532227 0.629032 0.537109 0.629032 0.540039 0.636364 0.543945 0.636364 0.545898 0.626100 0.550781 0.618768 0.555664 0.618768 0.558594 0.612903 0.556641 0.602639 0.565430 0.583578 0.570312 0.580645 0.572266 0.570381 0.580078 0.565982 0.593750 0.539589 0.596680 0.543988 0.601562 0.542522 0.612305 0.524927 0.612305 0.517595 0.619141 0.504399 0.624023 0.502933 0.628906 0.491202 0.636719 0.486804 0.642578 0.470674 0.653320 0.454545 0.656250 0.442815 0.661133 0.441349 0.670898 0.425220 0.668945 0.410557 0.677734 0.398827 0.680664 0.401760 0.687500 0.394428 0.690430 0.384164 0.686523 0.379765 0.690430 0.368035 0.699219 0.359238 0.703125 0.347507 0.710938 0.346041 0.710938 0.340176 0.715820 0.337243 0.717773 0.316716 0.722656 0.309384 0.733398 0.307918 0.739258 0.302053 0.741211 0.290323 0.749023 0.285924 0.757812 0.262463 0.751953 0.256598 0.764648 0.239003 0.768555 0.219941 0.775391 0.206745
0 0.515625 0.189150 0.512695 0.192082 0.502930 0.187683 0.497070 0.205279 0.477539 0.231672 0.477539 0.247801 0.474609 0.250733 0.475586 0.265396 0.463867 0.272727 0.446289 0.309384 0.438477 0.316716 0.437500 0.325513 0.416992 0.348974 0.412109 0.369501 0.407227 0.375367 0.407227 0.384164 0.412109 0.394428 0.412109 0.403226 0.409180 0.407625 0.420898 0.401760 0.428711 0.384164 0.436523 0.378299 0.436523 0.372434 0.439453 0.370968 0.449219 0.346041 0.453125 0.326979 0.477539 0.284457 0.478516 0.269795 0.489258 0.265396 0.497070 0.246334 0.507812 0.233138 0.514648 0.203812 0.517578 0.200880 0.518555 0.193548
0 0.630859 0.180352 0.625977 0.180352 0.624023 0.187683 0.610352 0.196481 0.606445 0.203812 0.602539 0.203812 0.601562 0.196481 0.597656 0.197947 0.588867 0.211144 0.583984 0.233138 0.571289 0.259531 0.571289 0.268328 0.559570 0.282991 0.559570 0.288856 0.550781 0.300587 0.550781 0.307918 0.546875 0.310850 0.546875 0.318182 0.541992 0.325513 0.546875 0.334311 0.543945 0.347507 0.527344 0.372434 0.507812 0.390029 0.502930 0.391496 0.502930 0.381232 0.500977 0.381232 0.498047 0.394428 0.500000 0.401760 0.495117 0.409091 0.498047 0.414956 0.495117 0.423754 0.497070 0.431085 0.485352 0.445748 0.482422 0.472141 0.497070 0.464809 0.502930 0.453079 0.502930 0.445748 0.512695 0.435484 0.515625 0.413490 0.525391 0.394428 0.530273 0.394428 0.531250 0.385630 0.545898 0.362170 0.546875 0.351906 0.551758 0.346041 0.549805 0.337243 0.557617 0.324047 0.570312 0.318182 0.570312 0.309384 0.575195 0.300587 0.575195 0.287390 0.578125 0.281525 0.583008 0.284457 0.583984 0.269795 0.592773 0.265396 0.592773 0.258065 0.602539 0.249267 0.608398 0.239003 0.608398 0.231672 0.617188 0.224340 0.624023 0.205279 0.625000 0.192082
0 0.684570 0.079179 0.677734 0.082111 0.670898 0.093842 0.666016 0.093842 0.663086 0.099707 0.665039 0.104106 0.662109 0.117302 0.665039 0.124633 0.672852 0.108504 0.686523 0.096774 0.686523 0.090909 0.683594 0.089443
0 0.551758 0.035191 0.528320 0.035191 0.518555 0.060117 0.500000 0.082111 0.500000 0.089443 0.494141 0.098240 0.494141 0.111437 0.484375 0.123167 0.475586 0.152493 0.479492 0.183284 0.486328 0.181818 0.493164 0.156891 0.502930 0.140762 0.507812 0.139296 0.515625 0.118768 0.530273 0.096774 0.530273 0.085044 0.536133 0.070381 0.545898 0.060117 0.552734 0.045455