0 0.903320 0.912023 0.890625 0.912023 0.879883 0.922287 0.877930 0.920821 0.879883 0.914956 0.875000 0.914956 0.869141 0.920821 0.869141 0.928152 0.863281 0.938416 0.871094 0.934018 0.875000 0.942815 0.872070 0.951613 0.875000 0.948680 0.877930 0.951613 0.889648 0.938416 0.890625 0.948680 0.893555 0.947214 0.897461 0.953079 0.899414 0.942815 0.896484 0.941349 0.897461 0.934018 0.893555 0.929619 0.899414 0.925220
0 0.884766 0.711144 0.877930 0.709677 0.875000 0.714076 0.872070 0.709677 0.872070 0.714076 0.866211 0.715543 0.864258 0.728739 0.859375 0.722874 0.848633 0.739003 0.845703 0.737537 0.848633 0.731672 0.843750 0.737537 0.841797 0.734604 0.844727 0.740469 0.833984 0.750733 0.827148 0.743402 0.833984 0.733138 0.832031 0.733138 0.827148 0.743402 0.823242 0.744868 0.828125 0.746334 0.822266 0.750733 0.818359 0.763930 0.815430 0.765396 0.813477 0.760997 0.815430 0.768328 0.812500 0.774194 0.817383 0.772727 0.819336 0.777126 0.822266 0.769795 0.825195 0.774194 0.822266 0.784457 0.829102 0.774194 0.831055 0.777126 0.835938 0.766862 0.842773 0.766862 0.840820 0.760997 0.859375 0.737537 0.866211 0.740469 0.870117 0.733138 0.876953 0.736070 0.875000 0.722874 0.879883 0.721408 0.876953 0.718475
0 0.728516 0.620235 0.715820 0.637830 0.714844 0.630499 0.717773 0.624633 0.706055 0.643695 0.703125 0.639296 0.703125 0.646628 0.697266 0.648094 0.694336 0.653959 0.699219 0.652493 0.700195 0.659824 0.687500 0.671554 0.696289 0.671554 0.699219 0.667155 0.700195 0.671554 0.708008 0.673021 0.705078 0.667155 0.710938 0.661290 0.713867 0.670088 0.721680 0.673021 0.718750 0.670088 0.721680 0.667155 0.718750 0.665689 0.720703 0.652493 0.715820 0.661290 0.712891 0.656891 0.717773 0.651026 0.717773 0.645161 0.727539 0.627566
0 0.741211 0.607038 0.743164 0.614370 0.751953 0.614370 0.751953 0.611437 0.745117 0.614370 0.744141 0.605572
0 0.570312 0.541056 0.566406 0.545455 0.568359 0.557185 0.571289 0.549853
0 0.639648 0.520528 0.629883 0.527859 0.627930 0.526393 0.629883 0.520528 0.625000 0.523460 0.625000 0.530792 0.627930 0.530792 0.625977 0.545455
0 0.686523 0.403226 0.677734 0.403226 0.677734 0.417889
0 0.686523 0.366569 0.681641 0.372434 0.678711 0.368035 0.677734 0.373900 0.681641 0.375367 0.679688 0.381232 0.672852 0.384164 0.666992 0.376833 0.663086 0.379765 0.666016 0.381232 0.664062 0.385630 0.660156 0.384164 0.656250 0.390029 0.655273 0.385630 0.650391 0.390029 0.643555 0.387097 0.641602 0.381232 0.644531 0.403226 0.640625 0.404692 0.640625 0.413490 0.637695 0.414956 0.640625 0.417889 0.633789 0.423754 0.635742 0.426686 0.618164 0.447214 0.610352 0.442815 0.609375 0.438416 0.621094 0.426686 0.619141 0.419355 0.624023 0.417889 0.624023 0.409091 0.616211 0.409091 0.610352 0.417889 0.607422 0.431085 0.610352 0.422287 0.613281 0.426686 0.606445 0.441349 0.604492 0.434018 0.602539 0.445748 0.596680 0.450147 0.600586 0.454545 0.597656 0.456012 0.600586 0.463343 0.594727 0.461877 0.593750 0.467742 0.587891 0.473607 0.591797 0.473607 0.590820 0.488270 0.593750 0.483871 0.597656 0.488270 0.594727 0.489736 0.593750 0.500000 0.584961 0.511730 0.579102 0.527859 0.583984 0.529326 0.587891 0.524927 0.588867 0.514663 0.593750 0.516129 0.590820 0.538123 0.579102 0.558651 0.583008 0.561584 0.587891 0.554252 0.589844 0.561584 0.592773 0.557185 0.592773 0.567449 0.592773 0.554252 0.601562 0.538123 0.610352 0.511730 0.621094 0.514663 0.623047 0.507331 0.626953 0.510264 0.627930 0.505865 0.633789 0.511730 0.636719 0.510264 0.640625 0.492669 0.643555 0.488270 0.649414 0.488270 0.650391 0.470674 0.656250 0.460411 0.661133 0.460411 0.659180 0.451613 0.670898 0.429619 0.673828 0.409091 0.671875 0.398827 0.679688 0.392962 0.681641 0.387097 0.677734 0.384164 0.683594 0.382698 0.681641 0.372434
0 0.717773 0.353372 0.713867 0.356305 0.713867 0.365103 0.717773 0.360704
0 0.364258 0.296188 0.359375 0.307918 0.354492 0.310850 0.356445 0.315249 0.351562 0.315249 0.354492 0.322581 0.361328 0.313783
0 0.331055 0.291789 0.328125 0.296188 0.326172 0.293255 0.328125 0.300587 0.319336 0.306452 0.316406 0.315249 0.320312 0.307918 0.322266 0.312317 0.327148 0.307918
0 0.533203 0.287390 0.526367 0.291789 0.526367 0.296188 0.530273 0.296188
0 0.548828 0.282991 0.544922 0.285924 0.544922 0.294721 0.537109 0.303519 0.541992 0.302053 0.540039 0.322581 0.542969 0.319648 0.541016 0.309384 0.545898 0.302053
0 0.514648 0.277126 0.509766 0.281525 0.509766 0.290323 0.504883 0.297654 0.502930 0.296188 0.501953 0.303519 0.500000 0.302053 0.493164 0.313783 0.485352 0.316716 0.479492 0.326979 0.481445 0.335777 0.488281 0.332845 0.486328 0.344575 0.482422 0.344575 0.477539 0.351906 0.476562 0.343109 0.469727 0.343109 0.472656 0.347507 0.468750 0.354839 0.472656 0.350440 0.477539 0.351906 0.475586 0.365103 0.481445 0.368035 0.485352 0.394428 0.479492 0.398827 0.476562 0.410557 0.474609 0.409091 0.477539 0.417889 0.472656 0.419355 0.469727 0.413490 0.465820 0.425220 0.459961 0.431085 0.462891 0.432551 0.456055 0.445748 0.460938 0.441349 0.461914 0.448680 0.458008 0.456012 0.450195 0.448680 0.452148 0.432551 0.456055 0.432551 0.455078 0.422287 0.452148 0.432551 0.447266 0.431085 0.452148 0.420821 0.452148 0.410557 0.456055 0.407625 0.455078 0.400293 0.452148 0.398827 0.455078 0.394428 0.452148 0.392962 0.452148 0.387097 0.446289 0.392962 0.447266 0.381232 0.446289 0.385630 0.441406 0.384164 0.443359 0.390029 0.437500 0.395894 0.440430 0.400293 0.437500 0.412023 0.442383 0.409091 0.443359 0.417889 0.438477 0.423754 0.434570 0.456012 0.429688 0.456012 0.429688 0.458944 0.437500 0.464809 0.432617 0.470674 0.435547 0.475073 0.434570 0.482405 0.441406 0.464809 0.445312 0.464809 0.446289 0.460411 0.451172 0.461877 0.448242 0.469208 0.450195 0.473607 0.446289 0.478006 0.446289 0.470674 0.444336 0.470674 0.440430 0.488270 0.454102 0.466276 0.453125 0.488270 0.456055 0.492669 0.453125 0.497067 0.453125 0.505865 0.458008 0.507331 0.456055 0.502933 0.460938 0.501466 0.463867 0.483871 0.466797 0.485337 0.463867 0.492669 0.467773 0.491202 0.470703 0.479472 0.468750 0.478006 0.473633 0.467742 0.470703 0.456012 0.473633 0.454545 0.476562 0.438416 0.481445 0.435484 0.486328 0.441349 0.487305 0.426686 0.492188 0.417889 0.496094 0.439883 0.500000 0.422287 0.504883 0.417889 0.501953 0.409091 0.497070 0.407625 0.499023 0.400293 0.496094 0.395894 0.499023 0.394428 0.494141 0.384164 0.501953 0.373900 0.500977 0.392962 0.509766 0.400293 0.509766 0.407625 0.516602 0.397361 0.521484 0.397361 0.521484 0.385630 0.528320 0.366569 0.527344 0.360704 0.519531 0.362170 0.520508 0.357771 0.516602 0.357771 0.515625 0.351906 0.524414 0.346041 0.523438 0.340176 0.530273 0.337243 0.537109 0.326979 0.531250 0.329912 0.529297 0.325513 0.526367 0.329912 0.527344 0.319648 0.518555 0.326979 0.515625 0.324047 0.518555 0.319648 0.512695 0.324047 0.508789 0.310850 0.500977 0.325513 0.500000 0.321114 0.506836 0.306452 0.498047 0.325513 0.500000 0.331378 0.497070 0.334311 0.493164 0.331378 0.500000 0.306452 0.508789 0.296188 0.508789 0.287390 0.512695 0.285924
0 0.523438 0.274194 0.509766 0.303519 0.509766 0.307918 0.513672 0.310850 0.513672 0.318182 0.516602 0.309384 0.521484 0.304985 0.523438 0.307918 0.521484 0.293255 0.516602 0.300587 0.519531 0.302053 0.514648 0.304985 0.515625 0.293255 0.520508 0.290323 0.518555 0.285924 0.523438 0.280059
0 0.358398 0.277126 0.350586 0.282991 0.343750 0.303519 0.337891 0.300587 0.337891 0.293255 0.342773 0.285924 0.345703 0.272727 0.335938 0.287390 0.333984 0.297654 0.335938 0.304985 0.329102 0.315249 0.332031 0.319648 0.328125 0.335777 0.313477 0.356305 0.312500 0.366569 0.317383 0.359238 0.318359 0.370968 0.313477 0.372434 0.313477 0.384164 0.307617 0.385630 0.306641 0.388563 0.307617 0.385630 0.310547 0.388563 0.306641 0.394428 0.303711 0.390029 0.303711 0.397361 0.300781 0.395894 0.302734 0.398827 0.291992 0.419355 0.291016 0.432551 0.287109 0.441349 0.291992 0.435484 0.296875 0.436950 0.289062 0.450147 0.291992 0.454545 0.288086 0.458944 0.293945 0.460411 0.285156 0.479472 0.288086 0.485337 0.285156 0.497067 0.291992 0.483871 0.293945 0.486804 0.294922 0.472141 0.296875 0.483871 0.299805 0.482405 0.299805 0.466276 0.301758 0.464809 0.302734 0.469208 0.305664 0.464809 0.303711 0.461877 0.308594 0.450147 0.306641 0.447214 0.299805 0.461877 0.298828 0.456012 0.313477 0.412023 0.315430 0.417889 0.312500 0.429619 0.316406 0.432551 0.312500 0.434018 0.310547 0.456012 0.317383 0.445748 0.319336 0.432551 0.322266 0.438416 0.320312 0.441349 0.324219 0.441349 0.330078 0.431085 0.331055 0.419355 0.328125 0.417889 0.328125 0.409091 0.324219 0.409091 0.327148 0.406158 0.325195 0.398827 0.331055 0.397361 0.327148 0.394428 0.331055 0.385630 0.333984 0.392962 0.334961 0.381232 0.338867 0.375367 0.340820 0.376833 0.338867 0.384164 0.342773 0.378299 0.349609 0.334311 0.343750 0.348974 0.342773 0.343109 0.338867 0.343109 0.332031 0.351906 0.324219 0.375367 0.321289 0.370968 0.334961 0.329912 0.342773 0.322581 0.343750 0.306452 0.350586 0.299120 0.350586 0.293255 0.352539 0.291789 0.353516 0.300587 0.356445 0.300587 0.360352 0.290323 0.364258 0.290323
0 0.545898 0.278592 0.541016 0.272727 0.541016 0.282991 0.537109 0.278592 0.534180 0.281525 0.533203 0.272727 0.537109 0.265396 0.535156 0.263930 0.531250 0.277126 0.525391 0.281525 0.528320 0.284457 0.533203 0.280059 0.540039 0.285924
0 0.561523 0.249267 0.552734 0.256598 0.549805 0.255132 0.551758 0.249267 0.547852 0.250733 0.546875 0.262463 0.541992 0.268328 0.545898 0.271261 0.552734 0.258065 0.558594 0.262463
0 0.551758 0.230205 0.546875 0.234604 0.549805 0.239003 0.544922 0.243402 0.548828 0.244868
0 0.605469 0.159824 0.602539 0.161290 0.602539 0.155425 0.596680 0.159824 0.593750 0.173021 0.601562 0.173021 0.601562 0.170088 0.594727 0.170088 0.593750 0.165689 0.598633 0.162757 0.602539 0.167155
0 0.408203 0.142229 0.404297 0.140762 0.400391 0.149560 0.396484 0.146628 0.387695 0.164223 0.390625 0.173021 0.385742 0.178886 0.384766 0.192082 0.369141 0.221408 0.369141 0.228739 0.366211 0.230205 0.363281 0.222874 0.352539 0.249267 0.348633 0.243402 0.350586 0.233138 0.355469 0.230205 0.353516 0.225806 0.361328 0.205279 0.362305 0.193548 0.353516 0.208211 0.357422 0.209677 0.350586 0.212610 0.342773 0.239003 0.339844 0.237537 0.340820 0.219941 0.316406 0.282991 0.319336 0.288856 0.313477 0.293255 0.309570 0.315249 0.312500 0.304985 0.317383 0.302053 0.315430 0.291789 0.318359 0.290323 0.321289 0.294721 0.326172 0.280059 0.328125 0.284457 0.329102 0.271261 0.332031 0.272727 0.333008 0.288856 0.343750 0.258065 0.352539 0.262463 0.360352 0.249267 0.363281 0.253666 0.366211 0.249267 0.369141 0.252199 0.371094 0.247801 0.369141 0.243402 0.372070 0.239003 0.375977 0.243402 0.380859 0.239003 0.381836 0.243402 0.378906 0.243402 0.373047 0.255132 0.375000 0.262463 0.372070 0.263930 0.372070 0.272727 0.374023 0.272727 0.381836 0.240469 0.387695 0.231672 0.382812 0.230205 0.381836 0.225806 0.387695 0.224340 0.402344 0.187683 0.400391 0.184751 0.402344 0.170088 0.405273 0.168622 0.405273 0.151026
0 0.180664 0.099707 0.174805 0.115836 0.180664 0.111437
0 0.228516 0.098240 0.219727 0.112903 0.216797 0.148094 0.209961 0.161290 0.207031 0.159824 0.203125 0.165689 0.201172 0.181818 0.198242 0.180352 0.194336 0.187683 0.190430 0.209677 0.187500 0.212610 0.185547 0.209677 0.187500 0.221408 0.183594 0.230205 0.181641 0.225806 0.180664 0.230205 0.183594 0.231672 0.188477 0.219941 0.191406 0.221408 0.187500 0.241935 0.184570 0.246334 0.183594 0.236070 0.177734 0.240469 0.173828 0.262463 0.167969 0.256598 0.168945 0.244868 0.166992 0.246334 0.162109 0.272727 0.147461 0.302053 0.151367 0.304985 0.150391 0.315249 0.156250 0.316716 0.156250 0.324047 0.159180 0.297654 0.165039 0.294721 0.166016 0.288856 0.168945 0.290323 0.166992 0.302053 0.169922 0.303519 0.163086 0.313783 0.163086 0.325513 0.159180 0.329912 0.160156 0.335777 0.157227 0.337243 0.150391 0.375367 0.146484 0.375367 0.148438 0.370968 0.146484 0.366569 0.140625 0.379765 0.140625 0.392962 0.143555 0.394428 0.138672 0.395894 0.141602 0.398827 0.140625 0.406158 0.135742 0.409091 0.138672 0.417889 0.134766 0.423754 0.134766 0.450147 0.130859 0.472141 0.139648 0.450147 0.140625 0.456012 0.142578 0.450147 0.139648 0.438416 0.145508 0.429619 0.146484 0.439883 0.143555 0.442815 0.145508 0.444282 0.148438 0.435484 0.149414 0.422287 0.161133 0.382698 0.159180 0.366569 0.162109 0.366569 0.161133 0.362170 0.170898 0.351906 0.167969 0.346041 0.168945 0.338710 0.173828 0.341642 0.176758 0.326979 0.171875 0.326979 0.170898 0.319648 0.172852 0.313783 0.174805 0.318182 0.177734 0.313783 0.174805 0.303519 0.179688 0.302053 0.179688 0.296188 0.176758 0.291789 0.186523 0.266862 0.185547 0.263930 0.181641 0.277126 0.175781 0.281525 0.177734 0.262463 0.184570 0.249267 0.185547 0.253666 0.189453 0.253666 0.190430 0.246334 0.202148 0.224340 0.202148 0.212610 0.199219 0.211144 0.203125 0.208211 0.205078 0.214076 0.208984 0.206745 0.209961 0.199413 0.206055 0.203812 0.203125 0.197947 0.211914 0.180352 0.215820 0.178886 0.217773 0.165689 0.223633 0.159824 0.224609 0.140762 0.227539 0.139296 0.226562 0.145161 0.233398 0.139296 0.230469 0.131965 0.233398 0.130499 0.237305 0.114370 0.236328 0.109971 0.224609 0.107038