0 0.592773 0.935484 0.581055 0.944282 0.565430 0.939883 0.562500 0.947214 0.571289 0.951613 0.580078 0.944282 0.581055 0.948680 0.573242 0.954545 0.575195 0.957478 0.583008 0.951613
0 0.593750 0.920821 0.576172 0.931085 0.575195 0.936950 0.589844 0.928152
0 0.708984 0.887097 0.704102 0.888563 0.703125 0.894428
0 0.731445 0.863636 0.728516 0.863636 0.725586 0.870968
0 0.786133 0.774194 0.784180 0.771261 0.772461 0.780059 0.768555 0.778592 0.768555 0.785924 0.762695 0.781525 0.750000 0.791789 0.750000 0.796188 0.757812 0.800587 0.763672 0.790323 0.774414 0.790323 0.758789 0.809384 0.758789 0.812317 0.762695 0.810850 0.775391 0.793255 0.780273 0.791789 0.775391 0.785924
0 0.830078 0.775660 0.820312 0.784457 0.819336 0.780059 0.824219 0.777126 0.828125 0.769795 0.808594 0.788856 0.796875 0.794721 0.792969 0.802053 0.782227 0.804985 0.767578 0.822581 0.756836 0.822581 0.744141 0.832845 0.734375 0.831378 0.728516 0.822581 0.720703 0.819648 0.728516 0.807918 0.696289 0.825513 0.693359 0.821114 0.687500 0.822581 0.687500 0.816716 0.682617 0.818182 0.684570 0.824047 0.678711 0.831378 0.680664 0.834311 0.687500 0.825513 0.688477 0.829912 0.697266 0.826979 0.697266 0.834311 0.668945 0.860704 0.657227 0.856305 0.641602 0.865103 0.637695 0.879765 0.625000 0.884164 0.625000 0.890029 0.620117 0.897361 0.620117 0.909091 0.616211 0.912023 0.616211 0.923754 0.619141 0.929619 0.630859 0.932551 0.639648 0.928152 0.641602 0.917889 0.646484 0.923754 0.649414 0.919355 0.668945 0.917889 0.671875 0.909091 0.677734 0.913490 0.737305 0.847507 0.741211 0.850440 0.737305 0.857771 0.747070 0.847507 0.753906 0.850440 0.729492 0.878299 0.748047 0.859238 0.752930 0.863636 0.762695 0.850440 0.765625 0.854839 0.758789 0.863636 0.774414 0.857771 0.784180 0.847507 0.781250 0.843109 0.784180 0.835777 0.795898 0.835777 0.801758 0.829912 0.804688 0.813783 0.819336 0.806452 0.825195 0.790323 0.822266 0.784457
0 0.617188 0.643695 0.611328 0.652493 0.607422 0.649560 0.599609 0.653959 0.592773 0.671554 0.579102 0.681818 0.573242 0.690616 0.572266 0.699413 0.578125 0.690616 0.578125 0.696481 0.582031 0.693548 0.584961 0.696481 0.568359 0.714076 0.564453 0.712610 0.568359 0.700880 0.559570 0.703812 0.555664 0.699413 0.547852 0.709677 0.551758 0.709677 0.552734 0.717009 0.546875 0.724340 0.546875 0.730205 0.541992 0.728739 0.541992 0.736070 0.533203 0.746334 0.530273 0.739003 0.526367 0.743402 0.529297 0.750733 0.526367 0.755132 0.528320 0.763930 0.525391 0.766862 0.540039 0.765396 0.546875 0.772727 0.551758 0.768328 0.552734 0.758065 0.563477 0.744868 0.567383 0.744868 0.569336 0.750733 0.562500 0.756598 0.562500 0.763930 0.563477 0.760997 0.572266 0.763930 0.575195 0.759531 0.583008 0.765396 0.589844 0.759531 0.586914 0.746334 0.593750 0.737537 0.601562 0.741935 0.608398 0.731672 0.609375 0.715543 0.617188 0.703812 0.611328 0.699413 0.612305 0.681818 0.619141 0.671554 0.615234 0.670088 0.619141 0.661290 0.615234 0.664223 0.611328 0.659824
0 0.592773 0.563050 0.582031 0.585044 0.592773 0.568915
0 0.596680 0.511730 0.591797 0.513196 0.591797 0.520528
0 0.712891 0.488270 0.708984 0.489736 0.704102 0.500000
0 0.740234 0.475073 0.734375 0.479472 0.733398 0.470674 0.729492 0.470674 0.723633 0.488270 0.718750 0.489736 0.706055 0.507331 0.703125 0.504399 0.695312 0.520528 0.688477 0.523460 0.687500 0.520528 0.696289 0.510264 0.696289 0.502933 0.702148 0.497067 0.708008 0.480938 0.702148 0.494135 0.697266 0.497067 0.693359 0.494135 0.691406 0.497067 0.694336 0.501466 0.687500 0.502933 0.684570 0.511730 0.677734 0.513196 0.664062 0.543988 0.652344 0.558651 0.646484 0.558651 0.645508 0.564516 0.627930 0.582111 0.633789 0.592375 0.624023 0.605572 0.616211 0.607038 0.610352 0.614370 0.609375 0.627566 0.604492 0.630499 0.604492 0.637830 0.609375 0.629032 0.615234 0.633431 0.618164 0.624633 0.624023 0.623167 0.622070 0.617302 0.630859 0.604106 0.629883 0.598240 0.640625 0.586510 0.645508 0.589443 0.656250 0.571848 0.661133 0.573314 0.661133 0.564516 0.666016 0.558651 0.665039 0.573314 0.647461 0.593842 0.646484 0.599707 0.640625 0.605572 0.640625 0.612903 0.653320 0.604106 0.655273 0.596774 0.666992 0.580645 0.670898 0.580645 0.672852 0.573314 0.695312 0.557185 0.704102 0.530792 0.723633 0.520528 0.722656 0.517595 0.718750 0.523460 0.717773 0.513196 0.723633 0.510264 0.728516 0.489736
0 0.629883 0.432551 0.625977 0.434018 0.625977 0.439883 0.629883 0.436950
0 0.558594 0.423754 0.554688 0.432551 0.547852 0.432551 0.546875 0.439883 0.541016 0.442815 0.521484 0.478006 0.518555 0.473607 0.521484 0.457478 0.517578 0.454545 0.512695 0.438416 0.507812 0.439883 0.507812 0.428152 0.510742 0.422287 0.513672 0.423754 0.513672 0.431085 0.520508 0.429619 0.521484 0.422287 0.510742 0.417889 0.510742 0.409091 0.479492 0.466276 0.461914 0.510264 0.456055 0.517595 0.463867 0.542522 0.465820 0.536657 0.462891 0.533724 0.458984 0.513196 0.467773 0.510264 0.469727 0.516129 0.474609 0.517595 0.468750 0.526393 0.467773 0.521994 0.465820 0.523460 0.468750 0.533724 0.473633 0.530792 0.474609 0.523460 0.481445 0.514663 0.484375 0.521994 0.491211 0.519062 0.494141 0.521994 0.494141 0.530792 0.500000 0.535191 0.500000 0.548387 0.508789 0.543988 0.509766 0.536657 0.514648 0.533724 0.523438 0.516129 0.523438 0.511730 0.519531 0.513196 0.517578 0.520528 0.509766 0.526393 0.514648 0.511730 0.520508 0.510264 0.541016 0.478006 0.543945 0.482405 0.532227 0.498534 0.529297 0.511730 0.534180 0.510264 0.533203 0.504399 0.548828 0.479472 0.545898 0.475073 0.551758 0.473607 0.555664 0.464809 0.558594 0.464809 0.559570 0.457478 0.567383 0.445748 0.563477 0.447214 0.559570 0.456012 0.555664 0.454545 0.556641 0.450147 0.552734 0.450147
0 0.577148 0.410557 0.573242 0.410557 0.566406 0.419355 0.565430 0.410557 0.570312 0.407625 0.570312 0.403226 0.563477 0.409091 0.562500 0.429619
0 0.523438 0.385630 0.519531 0.392962 0.521484 0.390029 0.523438 0.392962
0 0.710938 0.372434 0.707031 0.372434 0.709961 0.378299 0.705078 0.385630 0.688477 0.391496 0.685547 0.387097 0.680664 0.394428 0.674805 0.387097 0.669922 0.390029 0.667969 0.384164 0.659180 0.391496 0.653320 0.416422 0.640625 0.438416 0.639648 0.434018 0.635742 0.436950 0.635742 0.444282 0.638672 0.445748 0.628906 0.457478 0.624023 0.478006 0.616211 0.483871 0.619141 0.469208 0.616211 0.469208 0.612305 0.479472 0.609375 0.473607 0.612305 0.464809 0.609375 0.466276 0.606445 0.482405 0.600586 0.488270 0.600586 0.495601 0.596680 0.501466 0.599609 0.500000 0.599609 0.507331 0.601562 0.507331 0.606445 0.497067 0.609375 0.501466 0.606445 0.507331 0.609375 0.514663 0.603516 0.521994 0.601562 0.517595 0.597656 0.524927 0.600586 0.523460 0.600586 0.529326 0.594727 0.535191 0.591797 0.554252 0.596680 0.548387 0.595703 0.541056 0.599609 0.535191 0.603516 0.539589 0.603516 0.530792 0.607422 0.532258 0.606445 0.538123 0.609375 0.543988 0.599609 0.549853 0.593750 0.558651 0.603516 0.552786 0.604492 0.548387 0.612305 0.548387 0.612305 0.557185 0.614258 0.557185 0.614258 0.546921 0.620117 0.539589 0.628906 0.552786 0.633789 0.543988 0.637695 0.549853 0.642578 0.548387 0.680664 0.500000 0.680664 0.494135 0.678711 0.497067 0.677734 0.492669 0.686523 0.486804 0.684570 0.483871 0.683594 0.488270 0.679688 0.488270 0.684570 0.469208 0.679688 0.479472 0.671875 0.470674 0.676758 0.467742 0.677734 0.460411 0.693359 0.439883 0.699219 0.426686 0.703125 0.404692 0.710938 0.394428 0.712891 0.379765
0 0.589844 0.348974 0.579102 0.366569 0.586914 0.360704
0 0.379883 0.233138 0.369141 0.231672 0.363281 0.244868 0.369141 0.256598 0.359375 0.268328 0.356445 0.266862 0.349609 0.281525 0.359375 0.299120 0.374023 0.300587 0.376953 0.282991 0.383789 0.281525 0.383789 0.277126 0.377930 0.280059 0.374023 0.271261 0.384766 0.266862 0.384766 0.259531 0.389648 0.258065 0.389648 0.249267 0.380859 0.239003
0 0.603516 0.174487 0.599609 0.184751 0.594727 0.187683 0.593750 0.196481 0.578125 0.217009 0.575195 0.228739 0.569336 0.236070 0.560547 0.260997 0.544922 0.290323 0.544922 0.300587 0.538086 0.310850 0.541992 0.315249 0.531250 0.338710 0.531250 0.351906 0.526367 0.362170 0.534180 0.350440 0.537109 0.354839 0.526367 0.378299 0.534180 0.365103 0.539062 0.365103 0.543945 0.356305 0.548828 0.359238 0.549805 0.354839 0.552734 0.356305 0.550781 0.378299 0.563477 0.360704 0.566406 0.362170 0.566406 0.373900 0.572266 0.369501 0.589844 0.335777 0.587891 0.332845 0.590820 0.325513 0.586914 0.316716 0.590820 0.312317 0.593750 0.296188 0.599609 0.296188 0.600586 0.303519 0.604492 0.304985 0.604492 0.313783 0.608398 0.313783 0.606445 0.304985 0.603516 0.303519 0.605469 0.300587 0.599609 0.294721 0.603516 0.288856 0.602539 0.278592 0.616211 0.260997 0.621094 0.260997 0.621094 0.256598 0.614258 0.243402 0.618164 0.231672 0.612305 0.228739 0.617188 0.221408 0.609375 0.224340 0.611328 0.219941 0.608398 0.218475 0.608398 0.211144 0.611328 0.206745 0.605469 0.217009 0.603516 0.215543 0.605469 0.206745 0.602539 0.212610 0.599609 0.211144 0.601562 0.199413 0.606445 0.193548 0.592773 0.206745
0 0.374023 0.136364 0.370117 0.151026 0.374023 0.149560
0 0.356445 0.126100 0.344727 0.151026 0.346680 0.173021 0.343750 0.175953 0.341797 0.168622 0.334961 0.186217 0.338867 0.197947 0.334961 0.215543 0.332031 0.217009 0.330078 0.206745 0.328125 0.208211 0.328125 0.224340 0.325195 0.230205 0.328125 0.239003 0.326172 0.253666 0.330078 0.252199 0.332031 0.258065 0.336914 0.253666 0.338867 0.244868 0.342773 0.243402 0.343750 0.247801 0.345703 0.244868 0.340820 0.237537 0.342773 0.225806 0.339844 0.224340 0.340820 0.215543 0.346680 0.205279 0.346680 0.221408 0.348633 0.218475 0.348633 0.211144 0.353516 0.205279 0.352539 0.199413 0.356445 0.196481 0.359375 0.170088 0.364258 0.159824 0.366211 0.145161 0.364258 0.133431 0.357422 0.142229 0.353516 0.158358 0.348633 0.159824 0.350586 0.142229 0.355469 0.134897
0 0.365234 0.079179 0.359375 0.098240 0.359375 0.111437 0.360352 0.107038 0.363281 0.108504 0.365234 0.117302 0.363281 0.124633 0.369141 0.134897 0.369141 0.126100 0.374023 0.115836 0.372070 0.099707 0.375000 0.095308
0 0.548828 0.035191 0.544922 0.038123 0.537109 0.032258 0.538086 0.045455 0.534180 0.046921 0.535156 0.061584 0.526367 0.065982 0.526367 0.073314 0.522461 0.074780 0.522461 0.083578 0.531250 0.109971 0.532227 0.124633 0.535156 0.127566 0.534180 0.136364 0.528320 0.126100 0.523438 0.093842 0.520508 0.092375 0.515625 0.076246 0.515625 0.087977 0.518555 0.093842 0.516602 0.098240 0.529297 0.129032 0.531250 0.148094 0.528320 0.148094 0.523438 0.123167 0.513672 0.099707 0.516602 0.121701 0.514648 0.127566 0.509766 0.121701 0.512695 0.149560 0.507812 0.133431 0.506836 0.136364 0.515625 0.164223 0.515625 0.173021 0.512695 0.173021 0.507812 0.152493 0.502930 0.149560 0.505859 0.159824 0.500000 0.159824 0.500977 0.173021 0.497070 0.170088 0.498047 0.183284 0.494141 0.186217 0.494141 0.192082 0.500000 0.197947 0.500000 0.205279 0.497070 0.208211 0.500000 0.224340 0.494141 0.222874 0.498047 0.227273 0.496094 0.236070 0.493164 0.233138 0.488281 0.217009 0.484375 0.221408 0.477539 0.253666 0.478516 0.256598 0.482422 0.249267 0.486328 0.252199 0.489258 0.247801 0.491211 0.265396 0.488281 0.271261 0.490234 0.272727 0.491211 0.265396 0.499023 0.260997 0.497070 0.246334 0.506836 0.234604 0.514648 0.247801 0.516602 0.233138 0.530273 0.225806 0.534180 0.215543 0.537109 0.218475 0.542969 0.215543 0.542969 0.209677 0.534180 0.193548 0.543945 0.177419 0.546875 0.178886 0.546875 0.187683 0.548828 0.187683 0.551758 0.164223 0.558594 0.162757 0.558594 0.152493 0.561523 0.151026 0.562500 0.140762 0.568359 0.130499 0.568359 0.121701 0.577148 0.111437 0.574219 0.098240 0.572266 0.098240 0.572266 0.108504 0.568359 0.112903 0.562500 0.107038 0.565430 0.095308 0.568359 0.093842 0.568359 0.082111 0.562500 0.068915 0.559570 0.046921 0.549805 0.046921