0 0.772461 0.972141 0.769531 0.979472 0.775391 0.988270 0.774414 0.978006 0.777344 0.976540
0 0.634766 0.942815 0.656250 0.956012 0.639648 0.942815
0 0.535156 0.891496 0.542969 0.895894 0.547852 0.904692 0.561523 0.906158 0.556641 0.903226 0.555664 0.897361 0.542969 0.888563 0.539062 0.892962
0 0.637695 0.848974 0.641602 0.857771 0.658203 0.863636 0.655273 0.859238 0.655273 0.848974 0.648438 0.841642 0.645508 0.848974
0 0.390625 0.791789 0.412109 0.800587 0.406250 0.796188 0.406250 0.791789 0.409180 0.793255 0.403320 0.785924 0.398438 0.785924 0.400391 0.793255
0 0.490234 0.727273 0.490234 0.731672 0.501953 0.737537 0.499023 0.733138 0.501953 0.731672 0.509766 0.737537 0.500000 0.727273 0.504883 0.722874 0.494141 0.722874
0 0.829102 0.695015 0.842773 0.697947 0.843750 0.703812 0.840820 0.706745 0.844727 0.712610 0.855469 0.714076 0.858398 0.709677 0.864258 0.717009 0.862305 0.711144 0.854492 0.708211 0.833008 0.687683
0 0.387695 0.684751 0.391602 0.693548 0.396484 0.690616
0 0.781250 0.671554 0.795898 0.675953 0.791016 0.668622
0 0.397461 0.668622 0.405273 0.674487 0.410156 0.686217 0.409180 0.690616 0.406250 0.687683 0.404297 0.696481 0.412109 0.697947 0.406250 0.700880 0.405273 0.708211 0.396484 0.709677 0.398438 0.717009 0.409180 0.722874 0.416016 0.733138 0.411133 0.737537 0.406250 0.734604 0.405273 0.739003 0.388672 0.734604 0.396484 0.743402 0.394531 0.744868 0.396484 0.749267 0.392578 0.755132 0.385742 0.756598 0.393555 0.763930 0.402344 0.759531 0.406250 0.765396 0.420898 0.768328 0.425781 0.777126 0.430664 0.774194 0.451172 0.793255 0.470703 0.803519 0.475586 0.810850 0.483398 0.810850 0.491211 0.816716 0.484375 0.822581 0.477539 0.821114 0.473633 0.815249 0.463867 0.813783 0.453125 0.804985 0.451172 0.807918 0.445312 0.802053 0.438477 0.802053 0.447266 0.809384 0.446289 0.813783 0.435547 0.813783 0.441406 0.819648 0.460938 0.826979 0.468750 0.835777 0.474609 0.835777 0.481445 0.847507 0.496094 0.850440 0.489258 0.844575 0.499023 0.844575 0.500000 0.841642 0.497070 0.840176 0.500977 0.835777 0.508789 0.840176 0.518555 0.840176 0.523438 0.835777 0.531250 0.841642 0.531250 0.848974 0.528320 0.850440 0.537109 0.859238 0.522461 0.862170 0.530273 0.863636 0.534180 0.870968 0.540039 0.872434 0.541992 0.863636 0.544922 0.866569 0.551758 0.863636 0.555664 0.870968 0.547852 0.873900 0.552734 0.878299 0.550781 0.882698 0.580078 0.895894 0.577148 0.891496 0.580078 0.887097 0.575195 0.882698 0.577148 0.878299 0.593750 0.888563 0.588867 0.892962 0.593750 0.897361 0.591797 0.901760 0.609375 0.906158 0.615234 0.901760 0.625000 0.906158 0.625977 0.913490 0.634766 0.916422 0.634766 0.926686 0.610352 0.914956 0.603516 0.907625 0.594727 0.909091 0.613281 0.928152 0.619141 0.925220 0.640625 0.938416 0.645508 0.938416 0.634766 0.926686 0.649414 0.925220 0.665039 0.939883 0.659180 0.944282 0.663086 0.951613 0.672852 0.954545 0.671875 0.958944 0.669922 0.957478 0.671875 0.964809 0.687500 0.975073 0.691406 0.972141 0.702148 0.975073 0.701172 0.983871 0.714844 0.989736 0.716797 0.983871 0.721680 0.985337 0.719727 0.976540 0.731445 0.976540 0.744141 0.988270 0.742188 0.982405 0.734375 0.980938 0.728516 0.972141 0.729492 0.967742 0.733398 0.967742 0.740234 0.975073 0.749023 0.976540 0.759766 0.988270 0.775391 0.994135 0.765625 0.988270 0.764648 0.982405 0.767578 0.980938 0.758789 0.966276 0.752930 0.966276 0.749023 0.957478 0.740234 0.953079 0.734375 0.958944 0.731445 0.954545 0.725586 0.954545 0.720703 0.945748 0.705078 0.934018 0.706055 0.929619 0.714844 0.932551 0.708984 0.922287 0.703125 0.919355 0.700195 0.925220 0.686523 0.907625 0.666016 0.895894 0.653320 0.882698 0.655273 0.878299 0.646484 0.868035 0.637695 0.868035 0.628906 0.860704 0.627930 0.873900 0.637695 0.881232 0.637695 0.885630 0.620117 0.879765 0.614258 0.869501 0.625000 0.863636 0.609375 0.846041 0.634766 0.844575 0.629883 0.837243 0.624023 0.835777 0.625000 0.831378 0.630859 0.828446 0.625977 0.826979 0.622070 0.831378 0.618164 0.825513 0.609375 0.822581 0.608398 0.816716 0.594727 0.812317 0.590820 0.802053 0.595703 0.800587 0.593750 0.796188 0.595703 0.791789 0.581055 0.791789 0.578125 0.785924 0.581055 0.796188 0.573242 0.797654 0.565430 0.790323 0.567383 0.785924 0.564453 0.784457 0.568359 0.780059 0.562500 0.780059 0.558594 0.774194 0.550781 0.774194 0.543945 0.780059 0.539062 0.772727 0.540039 0.768328 0.545898 0.768328 0.552734 0.760997 0.559570 0.768328 0.559570 0.763930 0.568359 0.768328 0.563477 0.766862 0.561523 0.760997 0.554688 0.756598 0.546875 0.758065 0.528320 0.744868 0.532227 0.747801 0.529297 0.752199 0.531250 0.760997 0.524414 0.758065 0.519531 0.760997 0.512695 0.750733 0.488281 0.741935 0.481445 0.733138 0.486328 0.731672 0.470703 0.718475 0.478516 0.718475 0.476562 0.714076 0.481445 0.711144 0.477539 0.705279 0.483398 0.706745 0.480469 0.700880 0.468750 0.696481 0.472656 0.700880 0.468750 0.708211 0.433594 0.677419 0.432617 0.680352 0.437500 0.687683 0.418945 0.684751 0.406250 0.674487 0.415039 0.671554 0.407227 0.668622 0.405273 0.674487
0 0.778320 0.667155 0.774414 0.658358 0.765625 0.661290 0.768555 0.665689 0.762695 0.667155 0.763672 0.670088
0 0.863281 0.640762 0.865234 0.648094 0.860352 0.651026 0.864258 0.652493 0.867188 0.661290 0.876953 0.662757 0.872070 0.659824 0.871094 0.653959 0.874023 0.652493
0 0.684570 0.627566 0.693359 0.629032 0.687500 0.621701
0 0.700195 0.615836 0.709961 0.627566 0.721680 0.624633 0.711914 0.615836
0 0.553711 0.558651 0.557617 0.561584 0.562500 0.558651
0 0.502930 0.520528 0.505859 0.526393 0.515625 0.529326 0.515625 0.521994 0.518555 0.526393 0.524414 0.526393 0.515625 0.520528 0.510742 0.523460 0.505859 0.517595
0 0.440430 0.483871 0.450195 0.489736 0.451172 0.495601 0.447266 0.500000 0.465820 0.501466 0.456055 0.497067 0.453125 0.492669 0.458008 0.489736 0.452148 0.485337 0.448242 0.488270
0 0.429688 0.434018 0.441406 0.442815 0.437500 0.445748 0.440430 0.453079 0.435547 0.463343 0.453125 0.473607 0.447266 0.478006 0.473633 0.488270 0.484375 0.501466 0.509766 0.488270 0.531250 0.500000 0.529297 0.510264 0.545898 0.510264 0.546875 0.519062 0.555664 0.519062 0.562500 0.526393 0.562500 0.530792 0.552734 0.535191 0.547852 0.532258 0.550781 0.535191 0.549805 0.542522 0.558594 0.543988 0.560547 0.548387 0.557617 0.552786 0.583008 0.557185 0.581055 0.563050 0.584961 0.567449 0.581055 0.568915 0.582031 0.571848 0.606445 0.580645 0.603516 0.571848 0.619141 0.573314 0.611328 0.567449 0.619141 0.563050 0.615234 0.557185 0.629883 0.558651 0.638672 0.567449 0.635742 0.571848 0.647461 0.577713 0.643555 0.582111 0.679688 0.596774 0.681641 0.601173 0.679688 0.605572 0.672852 0.604106 0.679688 0.605572 0.685547 0.612903 0.692383 0.614370 0.693359 0.611437 0.681641 0.605572 0.682617 0.599707 0.700195 0.604106 0.711914 0.612903 0.721680 0.605572 0.733398 0.614370 0.738281 0.623167 0.747070 0.624633 0.747070 0.629032 0.737305 0.626100 0.729492 0.629032 0.734375 0.633431 0.734375 0.642229 0.741211 0.651026 0.755859 0.643695 0.751953 0.639296 0.757812 0.636364 0.768555 0.646628 0.796875 0.656891 0.796875 0.651026 0.803711 0.651026 0.812500 0.656891 0.821289 0.656891 0.828125 0.664223 0.826172 0.667155 0.838867 0.675953 0.840820 0.673021 0.837891 0.667155 0.840820 0.662757 0.846680 0.665689 0.847656 0.656891 0.853516 0.659824 0.853516 0.655425 0.858398 0.655425 0.842773 0.637830 0.846680 0.629032 0.850586 0.629032 0.840820 0.620235 0.828125 0.615836 0.831055 0.634897 0.819336 0.630499 0.816406 0.633431 0.802734 0.624633 0.792969 0.607038 0.787109 0.605572 0.777344 0.590909 0.766602 0.586510 0.758789 0.577713 0.759766 0.573314 0.768555 0.568915 0.776367 0.585044 0.783203 0.582111 0.791016 0.586510 0.792969 0.577713 0.790039 0.573314 0.787109 0.577713 0.772461 0.573314 0.754883 0.551320 0.741211 0.549853 0.712891 0.529326 0.713867 0.521994 0.730469 0.529326 0.724609 0.521994 0.715820 0.520528 0.708984 0.513196 0.703125 0.516129 0.700195 0.511730 0.682617 0.517595 0.671875 0.502933 0.666016 0.504399 0.666016 0.510264 0.662109 0.511730 0.652344 0.500000 0.652344 0.485337 0.634766 0.488270 0.629883 0.480938 0.625000 0.483871 0.621094 0.475073 0.612305 0.473607 0.609375 0.478006 0.602539 0.478006 0.592773 0.467742 0.592773 0.461877 0.578125 0.464809 0.574219 0.456012 0.575195 0.451613 0.572266 0.450147 0.574219 0.442815 0.566406 0.441349 0.561523 0.434018 0.552734 0.436950 0.543945 0.426686 0.538086 0.428152 0.527344 0.419355 0.518555 0.419355 0.516602 0.426686 0.522461 0.439883 0.513672 0.442815 0.515625 0.456012 0.510742 0.457478 0.513672 0.460411 0.509766 0.461877 0.507812 0.483871 0.502930 0.480938 0.498047 0.483871 0.484375 0.476540 0.492188 0.470674 0.483398 0.464809 0.486328 0.458944 0.484375 0.456012 0.490234 0.453079 0.481445 0.442815 0.484375 0.447214 0.483398 0.451613 0.472656 0.454545 0.458984 0.444282 0.461914 0.441349 0.446289 0.432551
0 0.422852 0.379765 0.440430 0.395894 0.439453 0.400293 0.434570 0.398827 0.457031 0.417889 0.474609 0.417889 0.484375 0.425220 0.481445 0.416422 0.483398 0.409091 0.477539 0.403226 0.482422 0.398827 0.484375 0.401760 0.488281 0.397361 0.492188 0.398827 0.456055 0.372434 0.451172 0.372434 0.456055 0.379765 0.455078 0.384164 0.437500 0.370968 0.431641 0.370968 0.434570 0.372434 0.433594 0.376833
0 0.404297 0.357771 0.407227 0.370968 0.436523 0.366569 0.431641 0.360704 0.425781 0.366569 0.421875 0.362170 0.407227 0.362170
0 0.721680 0.293255 0.730469 0.299120 0.732422 0.303519 0.729492 0.304985 0.739258 0.312317 0.731445 0.297654
0 0.508789 0.243402 0.520508 0.249267 0.520508 0.246334
0 0.711914 0.187683 0.717773 0.195015 0.717773 0.189150
0 0.458984 0.162757 0.462891 0.159824 0.474609 0.162757 0.467773 0.155425 0.461914 0.155425
0 0.500000 0.129032 0.503906 0.136364 0.500977 0.140762 0.505859 0.149560 0.498047 0.155425 0.500977 0.162757 0.507812 0.162757 0.515625 0.170088 0.513672 0.174487 0.515625 0.178886 0.506836 0.187683 0.525391 0.190616 0.535156 0.203812 0.530273 0.215543 0.519531 0.219941 0.531250 0.230205 0.546875 0.234604 0.559570 0.231672 0.571289 0.241935 0.587891 0.244868 0.590820 0.239003 0.595703 0.239003 0.582031 0.233138 0.577148 0.221408 0.593750 0.218475 0.604492 0.222874 0.604492 0.228739 0.599609 0.231672 0.614258 0.231672 0.618164 0.239003 0.616211 0.241935 0.630859 0.244868 0.633789 0.239003 0.639648 0.239003 0.643555 0.243402 0.640625 0.249267 0.647461 0.253666 0.657227 0.247801 0.662109 0.249267 0.659180 0.244868 0.664062 0.241935 0.675781 0.253666 0.668945 0.265396 0.677734 0.268328 0.682617 0.258065 0.686523 0.258065 0.698242 0.269795 0.696289 0.275660 0.701172 0.278592 0.715820 0.277126 0.711914 0.269795 0.718750 0.268328 0.734375 0.278592 0.735352 0.285924 0.741211 0.291789 0.751953 0.290323 0.751953 0.281525 0.754883 0.280059 0.769531 0.296188 0.815430 0.313783 0.820312 0.324047 0.832031 0.335777 0.853516 0.347507 0.842773 0.337243 0.842773 0.328446 0.850586 0.325513 0.842773 0.315249 0.842773 0.310850 0.849609 0.313783 0.852539 0.310850 0.828125 0.281525 0.830078 0.291789 0.819336 0.281525 0.816406 0.281525 0.815430 0.290323 0.812500 0.291789 0.811523 0.281525 0.814453 0.277126 0.809570 0.269795 0.799805 0.262463 0.794922 0.263930 0.792969 0.259531 0.785156 0.259531 0.788086 0.255132 0.775391 0.243402 0.784180 0.255132 0.781250 0.260997 0.791016 0.268328 0.787109 0.278592 0.792969 0.280059 0.802734 0.294721 0.797852 0.297654 0.781250 0.282991 0.776367 0.285924 0.759766 0.280059 0.752930 0.266862 0.771484 0.271261 0.775391 0.266862 0.772461 0.258065 0.777344 0.256598 0.750977 0.236070 0.749023 0.231672 0.751953 0.225806 0.724609 0.221408 0.711914 0.208211 0.700195 0.209677 0.683594 0.189150 0.673828 0.186217 0.687500 0.178886 0.699219 0.184751 0.695312 0.170088 0.687500 0.168622 0.687500 0.177419 0.684570 0.178886 0.651367 0.161290 0.653320 0.164223 0.647461 0.165689 0.646484 0.173021 0.633789 0.168622 0.625000 0.174487 0.631836 0.184751 0.639648 0.187683 0.639648 0.193548 0.627930 0.189150 0.610352 0.192082 0.601562 0.181818 0.605469 0.173021 0.602539 0.168622 0.605469 0.161290 0.594727 0.159824 0.589844 0.151026 0.572266 0.151026 0.571289 0.142229 0.556641 0.140762 0.541016 0.131965 0.541992 0.127566 0.577148 0.130499 0.583008 0.127566 0.580078 0.126100 0.583008 0.121701 0.581055 0.117302 0.535156 0.117302 0.530273 0.112903 0.519531 0.112903 0.516602 0.115836 0.519531 0.121701 0.524414 0.121701 0.524414 0.127566 0.518555 0.131965 0.508789 0.126100
0 0.432617 0.108504 0.435547 0.115836 0.452148 0.121701 0.462891 0.145161 0.470703 0.140762 0.464844 0.130499 0.468750 0.121701 0.478516 0.124633 0.476562 0.118768 0.454102 0.108504 0.450195 0.102639 0.441406 0.102639
0 0.384766 0.090909 0.396484 0.101173 0.399414 0.098240
0 0.468750 0.024927 0.475586 0.033724 0.480469 0.032258
0 0.488281 0.000000 0.500000 0.013196 0.514648 0.019062 0.514648 0.023460 0.510742 0.023460 0.519531 0.029326 0.515625 0.033724 0.516602 0.036657 0.525391 0.038123 0.528320 0.042522 0.526367 0.045455 0.539062 0.046921 0.547852 0.054252 0.554688 0.054252 0.556641 0.048387 0.543945 0.043988 0.540039 0.046921 0.536133 0.039589 0.556641 0.042522 0.545898 0.035191 0.531250 0.032258 0.531250 0.023460 0.559570 0.038123 0.558594 0.033724 0.547852 0.032258 0.542969 0.024927 0.566406 0.033724 0.572266 0.032258 0.562500 0.019062 0.561523 0.010264 0.541992 0.010264 0.537109 0.005865 0.519531 0.004399 0.517578 0.000000 0.502930 0.000000 0.501953 0.004399