0 0.346680 0.919355 0.343750 0.922287 0.343750 0.934018 0.348633 0.929619
0 0.416016 0.872434 0.413086 0.875367 0.413086 0.895894 0.418945 0.901760 0.417969 0.895894 0.420898 0.891496 0.416016 0.882698 0.417969 0.881232
0 0.333008 0.825513 0.328125 0.831378 0.328125 0.840176 0.324219 0.848974 0.319336 0.850440 0.319336 0.840176 0.316406 0.848974 0.319336 0.859238 0.316406 0.887097 0.322266 0.897361 0.319336 0.901760 0.313477 0.898827 0.312500 0.957478 0.317383 0.948680 0.319336 0.929619 0.324219 0.919355 0.322266 0.906158 0.327148 0.897361 0.332031 0.906158 0.331055 0.923754 0.334961 0.914956 0.334961 0.897361 0.339844 0.894428 0.337891 0.865103 0.331055 0.862170 0.331055 0.850440 0.333984 0.844575 0.331055 0.838710
0 0.375000 0.816716 0.375000 0.831378 0.377930 0.837243 0.375000 0.846041 0.375000 0.863636 0.372070 0.868035 0.369141 0.868035 0.366211 0.860704 0.362305 0.865103 0.358398 0.863636 0.358398 0.835777 0.361328 0.831378 0.359375 0.821114 0.353516 0.856305 0.356445 0.873900 0.350586 0.878299 0.350586 0.890029 0.344727 0.907625 0.346680 0.913490 0.351562 0.904692 0.356445 0.907625 0.357422 0.919355 0.354492 0.922287 0.354492 0.929619 0.359375 0.938416 0.354492 0.957478 0.356445 0.960411 0.376953 0.944282 0.376953 0.935484 0.380859 0.934018 0.376953 0.929619 0.378906 0.925220 0.393555 0.928152 0.406250 0.900293 0.403320 0.887097 0.399414 0.895894 0.388672 0.887097 0.388672 0.894428 0.382812 0.898827 0.382812 0.904692 0.377930 0.910557 0.372070 0.901760 0.375000 0.894428 0.374023 0.884164 0.376953 0.882698 0.378906 0.872434 0.387695 0.870968 0.388672 0.878299 0.394531 0.873900 0.397461 0.876833 0.400391 0.872434 0.395508 0.856305 0.390625 0.860704 0.383789 0.859238 0.383789 0.851906 0.389648 0.840176 0.382812 0.835777 0.380859 0.826979 0.375000 0.825513 0.376953 0.819648
0 0.421875 0.815249 0.419922 0.821114 0.421875 0.825513 0.418945 0.831378 0.416016 0.828446 0.412109 0.844575 0.416016 0.850440 0.418945 0.868035 0.420898 0.851906 0.428711 0.834311 0.428711 0.825513 0.424805 0.825513
0 0.360352 0.793255 0.359375 0.803519 0.362305 0.807918 0.362305 0.793255
0 0.337891 0.780059 0.332031 0.780059 0.329102 0.788856 0.331055 0.790323 0.328125 0.802053 0.331055 0.821114 0.333984 0.819648 0.336914 0.807918 0.334961 0.803519 0.339844 0.784457
0 0.364258 0.766862 0.360352 0.768328 0.362305 0.780059
0 0.546875 0.762463 0.543945 0.766862 0.546875 0.784457 0.548828 0.782991
0 0.340820 0.739003 0.338867 0.749267 0.332031 0.755132 0.337891 0.769795 0.342773 0.753666
0 0.340820 0.708211 0.338867 0.719941 0.342773 0.721408 0.340820 0.717009 0.342773 0.708211
0 0.377930 0.648094 0.378906 0.661290 0.373047 0.664223 0.367188 0.653959 0.365234 0.667155 0.370117 0.683284 0.375000 0.687683 0.377930 0.706745 0.381836 0.714076 0.380859 0.727273 0.384766 0.733138 0.381836 0.744868 0.387695 0.743402 0.390625 0.753666 0.396484 0.758065 0.396484 0.765396 0.392578 0.771261 0.386719 0.766862 0.383789 0.771261 0.379883 0.766862 0.375977 0.769795 0.391602 0.831378 0.395508 0.831378 0.411133 0.810850 0.411133 0.803519 0.416016 0.800587 0.421875 0.784457 0.424805 0.790323 0.427734 0.787390 0.428711 0.769795 0.424805 0.774194 0.419922 0.768328 0.415039 0.797654 0.410156 0.793255 0.404297 0.804985 0.399414 0.791789 0.402344 0.787390 0.400391 0.781525 0.411133 0.760997 0.413086 0.747801 0.417969 0.746334 0.420898 0.756598 0.425781 0.744868 0.428711 0.746334 0.424805 0.728739 0.429688 0.714076 0.432617 0.715543 0.429688 0.721408 0.433594 0.722874 0.431641 0.709677 0.436523 0.702346 0.434570 0.687683 0.439453 0.675953 0.437500 0.674487 0.440430 0.664223 0.428711 0.684751 0.421875 0.687683 0.417969 0.699413 0.414062 0.699413 0.412109 0.709677 0.408203 0.706745 0.411133 0.697947 0.406250 0.690616 0.404297 0.695015 0.406250 0.703812 0.401367 0.708211 0.397461 0.692082 0.389648 0.689150 0.389648 0.677419 0.395508 0.674487 0.389648 0.667155 0.387695 0.656891 0.392578 0.649560 0.384766 0.656891
0 0.571289 0.633431 0.562500 0.648094 0.557617 0.643695 0.556641 0.653959 0.562500 0.658358 0.559570 0.671554 0.561523 0.673021 0.562500 0.665689 0.568359 0.684751 0.565430 0.690616 0.561523 0.684751 0.559570 0.687683 0.562500 0.692082 0.562500 0.709677 0.565430 0.709677 0.572266 0.721408 0.566406 0.728739 0.571289 0.733138 0.571289 0.737537 0.568359 0.739003 0.565430 0.733138 0.565430 0.740469 0.568359 0.741935 0.568359 0.753666 0.565430 0.756598 0.565430 0.763930 0.568359 0.766862 0.566406 0.772727 0.569336 0.778592 0.574219 0.774194 0.578125 0.784457 0.574219 0.794721 0.566406 0.793255 0.566406 0.800587 0.572266 0.800587 0.578125 0.807918 0.586914 0.810850 0.589844 0.806452 0.585938 0.797654 0.587891 0.791789 0.585938 0.787390 0.586914 0.756598 0.581055 0.749267 0.585938 0.737537 0.578125 0.714076 0.581055 0.709677 0.581055 0.695015 0.578125 0.687683 0.578125 0.697947 0.572266 0.697947 0.565430 0.667155 0.568359 0.658358 0.564453 0.652493 0.564453 0.645161 0.568359 0.643695 0.572266 0.652493 0.575195 0.648094
0 0.400391 0.629032 0.397461 0.636364 0.406250 0.651026 0.407227 0.643695 0.410156 0.648094 0.413086 0.643695 0.416992 0.649560 0.416992 0.659824 0.410156 0.667155 0.416016 0.662757 0.421875 0.671554 0.426758 0.670088 0.426758 0.664223 0.421875 0.662757 0.426758 0.659824 0.426758 0.653959 0.418945 0.646628 0.420898 0.633431 0.412109 0.637830 0.409180 0.629032 0.406250 0.633431
0 0.569336 0.602639 0.563477 0.607038 0.562500 0.615836 0.566406 0.627566 0.571289 0.629032 0.572266 0.624633 0.575195 0.627566 0.577148 0.624633 0.575195 0.623167 0.577148 0.617302 0.574219 0.607038
0 0.223633 0.582111 0.219727 0.586510 0.222656 0.592375 0.217773 0.605572 0.209961 0.611437 0.206055 0.602639 0.200195 0.601173 0.204102 0.609971 0.203125 0.618768 0.191406 0.639296 0.191406 0.651026 0.195312 0.662757 0.187500 0.675953 0.188477 0.696481 0.184570 0.700880 0.185547 0.717009 0.182617 0.719941 0.182617 0.736070 0.175781 0.743402 0.177734 0.759531 0.171875 0.762463 0.169922 0.755132 0.166016 0.758065 0.166016 0.765396 0.162109 0.769795 0.166992 0.774194 0.168945 0.787390 0.160156 0.804985 0.162109 0.816716 0.159180 0.818182 0.159180 0.825513 0.164062 0.816716 0.166992 0.840176 0.163086 0.848974 0.165039 0.854839 0.153320 0.879765 0.153320 0.890029 0.146484 0.897361 0.143555 0.890029 0.145508 0.884164 0.143555 0.884164 0.140625 0.892962 0.140625 0.900293 0.145508 0.897361 0.149414 0.903226 0.149414 0.914956 0.140625 0.929619 0.137695 0.920821 0.139648 0.906158 0.134766 0.907625 0.129883 0.920821 0.125000 0.922287 0.121094 0.929619 0.112305 0.931085 0.116211 0.953079 0.114258 0.957478 0.107422 0.953079 0.109375 0.966276 0.103516 0.969208 0.104492 0.976540 0.101562 0.982405 0.096680 0.982405 0.097656 0.988270 0.103516 0.994135 0.108398 0.991202 0.112305 0.979472 0.116211 0.985337 0.116211 0.994135 0.124023 0.995601 0.127930 0.985337 0.130859 0.985337 0.134766 0.994135 0.141602 0.980938 0.150391 0.976540 0.146484 0.975073 0.145508 0.967742 0.155273 0.957478 0.155273 0.944282 0.162109 0.932551 0.165039 0.907625 0.170898 0.900293 0.170898 0.879765 0.177734 0.872434 0.183594 0.848974 0.181641 0.846041 0.186523 0.835777 0.184570 0.816716 0.187500 0.812317 0.192383 0.813783 0.190430 0.804985 0.197266 0.787390 0.196289 0.775660 0.202148 0.768328 0.202148 0.758065 0.197266 0.755132 0.197266 0.747801 0.205078 0.740469 0.208984 0.730205 0.208008 0.711144 0.211914 0.706745 0.211914 0.697947 0.215820 0.690616 0.212891 0.680352 0.217773 0.674487 0.214844 0.671554 0.214844 0.664223 0.223633 0.648094 0.218750 0.639296 0.218750 0.633431 0.223633 0.631965 0.221680 0.617302 0.228516 0.599707 0.228516 0.590909 0.224609 0.589443
0 0.849609 0.568915 0.853516 0.580645 0.855469 0.577713 0.853516 0.568915
0 0.648438 0.535191 0.640625 0.551320 0.635742 0.549853 0.628906 0.535191 0.625000 0.552786 0.620117 0.558651 0.622070 0.565982 0.618164 0.568915 0.609375 0.551320 0.607422 0.554252 0.606445 0.567449 0.609375 0.573314 0.606445 0.582111 0.609375 0.583578 0.609375 0.596774 0.612305 0.604106 0.617188 0.608504 0.622070 0.593842 0.626953 0.589443 0.633789 0.601173 0.634766 0.609971 0.627930 0.609971 0.624023 0.615836 0.618164 0.611437 0.613281 0.626100 0.615234 0.637830 0.605469 0.653959 0.601562 0.651026 0.598633 0.629032 0.590820 0.615836 0.593750 0.608504 0.592773 0.593842 0.586914 0.586510 0.586914 0.563050 0.583008 0.549853 0.578125 0.545455 0.582031 0.558651 0.581055 0.565982 0.583984 0.568915 0.582031 0.582111 0.584961 0.586510 0.584961 0.596774 0.582031 0.604106 0.596680 0.640762 0.594727 0.648094 0.596680 0.675953 0.600586 0.684751 0.606445 0.687683 0.612305 0.717009 0.616211 0.722874 0.615234 0.730205 0.610352 0.733138 0.610352 0.741935 0.613281 0.746334 0.617188 0.744868 0.621094 0.733138 0.625000 0.743402 0.623047 0.756598 0.625000 0.760997 0.620117 0.766862 0.620117 0.782991 0.625977 0.797654 0.628906 0.791789 0.633789 0.791789 0.634766 0.774194 0.637695 0.769795 0.643555 0.769795 0.648438 0.759531 0.646484 0.746334 0.639648 0.746334 0.640625 0.728739 0.636719 0.725806 0.639648 0.718475 0.637695 0.706745 0.640625 0.686217 0.639648 0.661290 0.646484 0.648094 0.647461 0.636364 0.653320 0.643695 0.651367 0.655425 0.656250 0.671554 0.653320 0.675953 0.654297 0.690616 0.647461 0.692082 0.644531 0.699413 0.653320 0.721408 0.658203 0.718475 0.660156 0.727273 0.662109 0.725806 0.662109 0.711144 0.656250 0.711144 0.653320 0.706745 0.653320 0.697947 0.661133 0.693548 0.662109 0.662757 0.661133 0.639296 0.658203 0.633431 0.659180 0.615836 0.658203 0.611437 0.653320 0.614370 0.655273 0.602639 0.646484 0.592375 0.649414 0.586510 0.649414 0.570381 0.645508 0.561584
0 0.407227 0.535191 0.407227 0.548387 0.410156 0.554252 0.415039 0.552786 0.413086 0.543988 0.415039 0.535191
0 0.434570 0.530792 0.435547 0.542522 0.429688 0.551320 0.429688 0.557185 0.425781 0.558651 0.424805 0.567449 0.427734 0.576246 0.422852 0.583578 0.427734 0.609971 0.424805 0.615836 0.425781 0.623167 0.422852 0.626100 0.422852 0.639296 0.424805 0.643695 0.430664 0.643695 0.434570 0.652493 0.440430 0.643695 0.436523 0.605572 0.440430 0.604106 0.442383 0.586510 0.436523 0.586510 0.437500 0.574780 0.440430 0.571848 0.439453 0.564516 0.436523 0.563050 0.436523 0.554252 0.440430 0.543988
0 0.586914 0.523460 0.593750 0.542522 0.595703 0.535191
0 0.553711 0.511730 0.555664 0.517595 0.553711 0.526393 0.565430 0.549853 0.564453 0.526393 0.561523 0.517595 0.557617 0.520528
0 0.394531 0.494135 0.393555 0.500000 0.402344 0.519062 0.403320 0.511730 0.399414 0.505865 0.402344 0.497067
0 0.637695 0.479472 0.635742 0.497067 0.640625 0.502933 0.640625 0.511730 0.635742 0.513196 0.635742 0.521994 0.639648 0.533724 0.639648 0.526393 0.643555 0.526393 0.643555 0.516129 0.640625 0.505865 0.642578 0.489736
0 0.606445 0.470674 0.604492 0.473607 0.606445 0.478006 0.608398 0.476540
0 0.555664 0.457478 0.552734 0.472141 0.553711 0.476540 0.559570 0.479472 0.561523 0.486804 0.558594 0.478006 0.559570 0.464809
0 0.627930 0.431085 0.627930 0.435484 0.622070 0.441349 0.629883 0.453079
0 0.619141 0.419355 0.618164 0.429619 0.621094 0.431085 0.622070 0.422287
0 0.562500 0.419355 0.563477 0.429619 0.567383 0.431085 0.570312 0.439883 0.567383 0.423754
0 0.762695 0.409091 0.756836 0.420821 0.764648 0.435484 0.767578 0.422287
0 0.794922 0.404692 0.793945 0.409091 0.796875 0.412023
0 0.757812 0.376833 0.750977 0.390029 0.758789 0.388563
0 0.613281 0.372434 0.617188 0.378299 0.615234 0.370968
0 0.571289 0.347507 0.566406 0.351906 0.569336 0.357771 0.569336 0.378299 0.573242 0.387097 0.573242 0.397361 0.578125 0.403226 0.578125 0.413490 0.581055 0.417889 0.579102 0.436950 0.583984 0.447214 0.582031 0.453079 0.586914 0.461877 0.585938 0.466276 0.581055 0.466276 0.583984 0.482405 0.579102 0.483871 0.574219 0.447214 0.572266 0.445748 0.569336 0.451613 0.576172 0.485337 0.574219 0.489736 0.569336 0.485337 0.569336 0.492669 0.578125 0.521994 0.579102 0.510264 0.583008 0.511730 0.584961 0.519062 0.586914 0.516129 0.580078 0.495601 0.585938 0.483871 0.583984 0.469208 0.589844 0.464809 0.593750 0.454545 0.596680 0.458944 0.596680 0.450147 0.592773 0.445748 0.592773 0.428152 0.583008 0.413490 0.585938 0.395894 0.578125 0.388563 0.581055 0.382698 0.580078 0.372434 0.571289 0.369501
0 0.607422 0.324047 0.604492 0.326979 0.606445 0.337243 0.599609 0.343109 0.602539 0.351906 0.606445 0.347507 0.612305 0.356305 0.609375 0.362170 0.612305 0.365103 0.615234 0.360704 0.615234 0.356305 0.611328 0.354839 0.614258 0.344575
0 0.603516 0.303519 0.597656 0.312317 0.605469 0.318182 0.606445 0.306452
0 0.750977 0.296188 0.752930 0.302053 0.755859 0.302053 0.754883 0.293255
0 0.594727 0.280059 0.596680 0.288856 0.598633 0.282991
0 0.788086 0.250733 0.791016 0.258065 0.789062 0.272727 0.791992 0.277126 0.789062 0.294721 0.794922 0.302053 0.796875 0.313783 0.794922 0.324047 0.799805 0.332845 0.797852 0.340176 0.799805 0.351906 0.796875 0.356305 0.791992 0.348974 0.790039 0.357771 0.784180 0.357771 0.781250 0.363636 0.778320 0.353372 0.784180 0.347507 0.785156 0.338710 0.789062 0.343109 0.790039 0.340176 0.780273 0.332845 0.777344 0.319648 0.769531 0.324047 0.768555 0.316716 0.763672 0.316716 0.762695 0.310850 0.759766 0.310850 0.756836 0.319648 0.758789 0.326979 0.753906 0.335777 0.759766 0.344575 0.760742 0.370968 0.773438 0.356305 0.778320 0.362170 0.778320 0.370968 0.773438 0.372434 0.766602 0.395894 0.766602 0.403226 0.771484 0.401760 0.776367 0.412023 0.779297 0.407625 0.784180 0.409091 0.795898 0.388563 0.790039 0.372434 0.796875 0.362170 0.804688 0.370968 0.803711 0.385630 0.810547 0.400293 0.812500 0.425220 0.804688 0.426686 0.802734 0.432551 0.804688 0.441349 0.812500 0.453079 0.819336 0.456012 0.820312 0.478006 0.818359 0.486804 0.815430 0.488270 0.811523 0.480938 0.799805 0.473607 0.795898 0.451613 0.788086 0.456012 0.791016 0.476540 0.794922 0.480938 0.791016 0.491202 0.796875 0.489736 0.796875 0.500000 0.791992 0.504399 0.791016 0.516129 0.796875 0.523460 0.796875 0.533724 0.800781 0.539589 0.812500 0.546921 0.810547 0.563050 0.821289 0.573314 0.828125 0.586510 0.828125 0.592375 0.819336 0.604106 0.827148 0.605572 0.827148 0.593842 0.831055 0.590909 0.830078 0.583578 0.834961 0.573314 0.837891 0.574780 0.843750 0.596774 0.842773 0.583578 0.845703 0.580645 0.840820 0.568915 0.842773 0.549853 0.833008 0.532258 0.828125 0.533724 0.830078 0.530792 0.828125 0.516129 0.836914 0.514663 0.842773 0.519062 0.846680 0.511730 0.842773 0.502933 0.843750 0.489736 0.838867 0.489736 0.836914 0.483871 0.839844 0.473607 0.833984 0.464809 0.833984 0.447214 0.837891 0.438416 0.835938 0.438416 0.836914 0.442815 0.833008 0.441349 0.833008 0.422287 0.828125 0.417889 0.828125 0.395894 0.825195 0.388563 0.827148 0.379765 0.819336 0.369501 0.811523 0.319648 0.802734 0.300587 0.803711 0.293255 0.799805 0.290323 0.792969 0.256598
0 0.718750 0.159824 0.719727 0.171554 0.727539 0.186217 0.725586 0.190616 0.728516 0.206745 0.727539 0.215543 0.724609 0.217009 0.725586 0.224340 0.731445 0.209677 0.740234 0.219941 0.741211 0.225806 0.739258 0.233138 0.732422 0.236070 0.734375 0.249267 0.728516 0.255132 0.729492 0.260997 0.733398 0.265396 0.733398 0.259531 0.737305 0.258065 0.740234 0.246334 0.743164 0.244868 0.750000 0.258065 0.753906 0.259531 0.756836 0.277126 0.761719 0.278592 0.765625 0.288856 0.767578 0.282991 0.764648 0.280059 0.764648 0.272727 0.770508 0.272727 0.771484 0.256598 0.764648 0.249267 0.764648 0.243402 0.770508 0.237537 0.775391 0.247801 0.777344 0.239003 0.759766 0.200880 0.761719 0.193548 0.758789 0.192082 0.750000 0.164223 0.751953 0.159824 0.741211 0.152493 0.741211 0.158358 0.750000 0.170088 0.750000 0.177419 0.756836 0.189150 0.757812 0.202346 0.752930 0.200880 0.749023 0.187683 0.736328 0.171554 0.736328 0.165689 0.734375 0.168622 0.726562 0.159824
0 0.734375 0.133431 0.734375 0.143695 0.737305 0.143695
0 0.854492 0.001466 0.844727 0.013196 0.856445 0.016129 0.854492 0.030792 0.859375 0.039589 0.860352 0.049853 0.866211 0.058651 0.867188 0.068915 0.884766 0.086510 0.880859 0.093842 0.881836 0.098240 0.889648 0.098240 0.897461 0.109971 0.898438 0.115836 0.890625 0.117302 0.890625 0.120235 0.896484 0.124633 0.903320 0.137830 0.903320 0.149560 0.898438 0.151026 0.898438 0.158358 0.903320 0.164223 0.909180 0.187683 0.916016 0.186217 0.915039 0.180352 0.918945 0.177419 0.915039 0.164223 0.921875 0.164223 0.921875 0.177419 0.924805 0.180352 0.922852 0.195015 0.919922 0.193548 0.917969 0.199413 0.914062 0.199413 0.914062 0.205279 0.921875 0.211144 0.921875 0.224340 0.932617 0.243402 0.937500 0.246334 0.943359 0.275660 0.953125 0.287390 0.953125 0.294721 0.950195 0.296188 0.953125 0.315249 0.946289 0.325513 0.940430 0.316716 0.937500 0.331378 0.934570 0.332845 0.928711 0.324047 0.930664 0.313783 0.921875 0.300587 0.920898 0.287390 0.916016 0.284457 0.913086 0.274194 0.907227 0.272727 0.904297 0.262463 0.901367 0.271261 0.906250 0.274194 0.907227 0.288856 0.912109 0.293255 0.913086 0.303519 0.918945 0.315249 0.916992 0.324047 0.919922 0.319648 0.924805 0.324047 0.925781 0.335777 0.931641 0.340176 0.929688 0.346041 0.935547 0.362170 0.940430 0.356305 0.944336 0.360704 0.948242 0.356305 0.950195 0.359238 0.951172 0.351906 0.956055 0.354839 0.947266 0.335777 0.952148 0.325513 0.962891 0.338710 0.963867 0.346041 0.968750 0.348974 0.968750 0.354839 0.974609 0.360704 0.976562 0.369501 0.989258 0.375367 0.989258 0.356305 0.984375 0.350440 0.984375 0.343109 0.989258 0.334311 0.973633 0.319648 0.978516 0.303519 0.973633 0.297654 0.968750 0.300587 0.960938 0.297654 0.955078 0.288856 0.958984 0.263930 0.950195 0.263930 0.944336 0.255132 0.948242 0.243402 0.955078 0.241935 0.952148 0.222874 0.947266 0.219941 0.950195 0.208211 0.944336 0.197947 0.944336 0.187683 0.930664 0.177419 0.931641 0.168622 0.927734 0.164223 0.927734 0.151026 0.921875 0.143695 0.923828 0.133431 0.918945 0.126100 0.918945 0.117302 0.916016 0.117302 0.908203 0.102639 0.905273 0.105572 0.902344 0.102639 0.900391 0.093842 0.903320 0.089443 0.902344 0.085044 0.899414 0.089443 0.896484 0.087977 0.893555 0.063050 0.890625 0.058651 0.886719 0.070381 0.879883 0.068915 0.879883 0.063050 0.883789 0.060117 0.883789 0.052786 0.886719 0.049853 0.883789 0.038123 0.878906 0.038123 0.874023 0.030792 0.874023 0.020528 0.869141 0.014663 0.868164 0.005865