0 0.785156 0.760997 0.782227 0.768328 0.787109 0.769795 0.788086 0.760997
0 0.853516 0.734604 0.850586 0.731672 0.846680 0.737537 0.852539 0.740469
0 0.817383 0.731672 0.813477 0.731672 0.812500 0.736070 0.814453 0.737537
0 0.831055 0.733138 0.828125 0.728739 0.825195 0.731672 0.826172 0.736070
0 0.842773 0.718475 0.835938 0.722874 0.839844 0.725806
0 0.850586 0.699413 0.858398 0.699413 0.858398 0.695015 0.853516 0.692082
0 0.849609 0.692082 0.843750 0.692082 0.841797 0.696481 0.845703 0.699413
0 0.862305 0.687683 0.867188 0.696481 0.874023 0.690616 0.870117 0.687683 0.867188 0.692082 0.864258 0.686217
0 0.820312 0.680352 0.825195 0.683284 0.825195 0.677419
0 0.801758 0.677419 0.797852 0.683284 0.802734 0.683284
0 0.837891 0.662757 0.838867 0.667155 0.842773 0.665689 0.840820 0.661290
0 0.855469 0.658358 0.849609 0.665689 0.852539 0.667155
0 0.767578 0.536657 0.763672 0.543988 0.768555 0.542522
0 0.749023 0.513196 0.744141 0.520528 0.749023 0.519062
0 0.805664 0.507331 0.802734 0.504399 0.800781 0.511730
0 0.733398 0.502933 0.727539 0.504399 0.725586 0.510264
0 0.814453 0.502933 0.810547 0.502933 0.810547 0.510264
0 0.824219 0.485337 0.820312 0.488270 0.820312 0.495601 0.824219 0.491202
0 0.761719 0.488270 0.756836 0.485337 0.750000 0.492669 0.752930 0.495601 0.755859 0.488270 0.756836 0.491202
0 0.709961 0.488270 0.713867 0.492669 0.717773 0.492669 0.718750 0.488270 0.713867 0.489736 0.712891 0.485337
0 0.747070 0.470674 0.743164 0.466276 0.734375 0.478006 0.734375 0.470674 0.728516 0.478006 0.739258 0.482405
0 0.838867 0.445748 0.838867 0.450147 0.842773 0.448680
0 0.757812 0.445748 0.750000 0.447214 0.748047 0.454545 0.754883 0.454545
0 0.816406 0.444282 0.825195 0.441349 0.818359 0.438416
0 0.601562 0.348974 0.593750 0.348974 0.593750 0.359238 0.602539 0.354839
0 0.611328 0.340176 0.606445 0.344575 0.607422 0.351906 0.611328 0.347507
0 0.637695 0.328446 0.635742 0.326979 0.630859 0.335777
0 0.667969 0.316716 0.662109 0.328446 0.668945 0.324047
0 0.612305 0.310850 0.609375 0.319648 0.615234 0.322581 0.618164 0.315249
0 0.480469 0.197947 0.474609 0.199413 0.472656 0.208211 0.477539 0.206745
0 0.715820 0.186217 0.709961 0.190616 0.714844 0.190616
0 0.530273 0.186217 0.525391 0.189150 0.525391 0.196481 0.530273 0.192082
0 0.465820 0.170088 0.458984 0.175953 0.459961 0.181818
0 0.517578 0.142229 0.510742 0.153959 0.514648 0.153959
0 0.484375 0.142229 0.482422 0.149560 0.486328 0.151026 0.487305 0.146628
0 0.184570 0.118768 0.177734 0.127566 0.180664 0.134897 0.184570 0.130499
0 0.484375 0.080645 0.481445 0.082111 0.482422 0.087977
0 0.334961 0.076246 0.332031 0.074780 0.329102 0.079179 0.333008 0.080645
0 0.177734 0.071848 0.172852 0.076246 0.172852 0.080645 0.176758 0.079179
0 0.331055 0.070381 0.326172 0.071848 0.326172 0.077713
0 0.348633 0.057185 0.344727 0.065982 0.348633 0.064516
0 0.199219 0.038123 0.191406 0.043988 0.188477 0.051320 0.191406 0.060117 0.199219 0.055718 0.199219 0.048387 0.202148 0.045455