0 0.849609 0.978006 0.847656 0.980938 0.850586 0.988270 0.853516 0.988270 0.855469 0.982405
0 0.712891 0.978006 0.713867 0.983871 0.717773 0.983871 0.717773 0.978006 0.715820 0.982405
0 0.702148 0.978006 0.698242 0.980938 0.700195 0.988270
0 0.850586 0.954545 0.850586 0.966276 0.853516 0.964809
0 0.694336 0.948680 0.693359 0.956012 0.696289 0.957478 0.697266 0.953079
0 0.592773 0.939883 0.588867 0.942815 0.590820 0.948680
0 0.846680 0.931085 0.843750 0.931085 0.847656 0.935484 0.846680 0.941349 0.841797 0.938416 0.843750 0.944282 0.848633 0.938416
0 0.612305 0.931085 0.610352 0.936950 0.614258 0.941349 0.617188 0.935484
0 0.413086 0.929619 0.414062 0.936950 0.417969 0.936950 0.418945 0.931085
0 0.427734 0.919355 0.427734 0.925220 0.430664 0.923754
0 0.583984 0.912023 0.583984 0.917889 0.584961 0.914956 0.589844 0.917889 0.585938 0.914956 0.585938 0.910557
0 0.702148 0.907625 0.697266 0.907625 0.698242 0.917889 0.702148 0.913490
0 0.604492 0.898827 0.604492 0.906158 0.608398 0.906158
0 0.851562 0.898827 0.851562 0.906158 0.858398 0.904692 0.855469 0.897361
0 0.418945 0.887097 0.416992 0.887097 0.419922 0.891496 0.418945 0.900293 0.414062 0.897361 0.416016 0.904692 0.420898 0.900293
0 0.831055 0.865103 0.829102 0.870968 0.833984 0.873900 0.834961 0.868035
0 0.849609 0.854839 0.847656 0.859238 0.850586 0.862170 0.852539 0.856305
0 0.628906 0.854839 0.627930 0.859238 0.630859 0.862170 0.632812 0.856305
0 0.506836 0.850440 0.510742 0.854839 0.506836 0.857771 0.511719 0.857771 0.511719 0.851906
0 0.584961 0.848974 0.583984 0.854839 0.586914 0.854839 0.587891 0.850440
0 0.420898 0.848974 0.416992 0.853372 0.420898 0.854839
0 0.838867 0.840176 0.834961 0.847507 0.839844 0.853372 0.842773 0.844575
0 0.712891 0.828446 0.712891 0.834311 0.717773 0.835777 0.717773 0.828446
0 0.819336 0.822581 0.816406 0.829912 0.821289 0.834311 0.822266 0.826979
0 0.609375 0.816716 0.610352 0.821114 0.615234 0.819648 0.614258 0.815249
0 0.834961 0.815249 0.834961 0.819648 0.840820 0.816716
0 0.414062 0.803519 0.418945 0.807918 0.418945 0.802053
0 0.828125 0.794721 0.826172 0.803519 0.828125 0.800587 0.831055 0.803519
0 0.807617 0.791789 0.807617 0.797654 0.811523 0.800587 0.808594 0.797654 0.811523 0.791789
0 0.406250 0.778592 0.407227 0.787390 0.411133 0.784457 0.411133 0.778592
0 0.797852 0.771261 0.797852 0.777126 0.802734 0.782991 0.805664 0.771261
0 0.717773 0.762463 0.713867 0.762463 0.713867 0.772727 0.717773 0.769795 0.712891 0.766862 0.715820 0.763930 0.718750 0.766862
0 0.820312 0.762463 0.822266 0.772727 0.827148 0.772727 0.821289 0.768328 0.823242 0.763930 0.827148 0.765396 0.824219 0.760997
0 0.425781 0.758065 0.425781 0.766862 0.430664 0.765396 0.430664 0.760997
0 0.335938 0.737537 0.333984 0.746334 0.339844 0.749267 0.339844 0.737537
0 0.415039 0.733138 0.412109 0.734604 0.413086 0.741935 0.416016 0.737537
0 0.792969 0.724340 0.791016 0.724340 0.793945 0.728739 0.792969 0.733138 0.789062 0.734604 0.787109 0.728739 0.789062 0.736070 0.792969 0.736070
0 0.812500 0.719941 0.816406 0.722874 0.816406 0.727273 0.812500 0.730205 0.817383 0.730205 0.817383 0.721408
0 0.348633 0.719941 0.344727 0.722874 0.346680 0.733138 0.349609 0.727273
0 0.336914 0.721408 0.333984 0.719941 0.331055 0.725806 0.334961 0.727273
0 0.828125 0.715543 0.829102 0.719941 0.833984 0.719941 0.833008 0.714076
0 0.359375 0.703812 0.357422 0.705279 0.359375 0.709677 0.361328 0.708211
0 0.793945 0.692082 0.788086 0.697947 0.791992 0.703812 0.795898 0.702346 0.795898 0.699413 0.790039 0.699413 0.791016 0.695015 0.795898 0.695015
0 0.428711 0.675953 0.427734 0.683284 0.430664 0.684751 0.431641 0.677419
0 0.706055 0.675953 0.707031 0.680352 0.710938 0.680352 0.711914 0.675953
0 0.660156 0.675953 0.660156 0.684751 0.665039 0.684751 0.665039 0.675953
0 0.358398 0.674487 0.353516 0.677419 0.354492 0.683284 0.358398 0.680352
0 0.343750 0.674487 0.340820 0.677419 0.343750 0.684751 0.345703 0.683284
0 0.668945 0.658358 0.666992 0.665689 0.670898 0.670088 0.670898 0.658358
0 0.339844 0.649560 0.335938 0.659824 0.339844 0.656891
0 0.807617 0.645161 0.806641 0.651026 0.811523 0.652493 0.811523 0.645161
0 0.618164 0.643695 0.616211 0.648094 0.619141 0.651026 0.621094 0.645161
0 0.496094 0.634897 0.491211 0.634897 0.491211 0.639296
0 0.356445 0.626100 0.351562 0.633431 0.354492 0.643695 0.358398 0.639296 0.353516 0.637830
0 0.500977 0.617302 0.500977 0.627566 0.505859 0.627566 0.507812 0.617302
0 0.706055 0.598240 0.703125 0.604106 0.708008 0.608504 0.710938 0.601173
0 0.438477 0.587977 0.437500 0.595308 0.442383 0.595308 0.442383 0.590909
0 0.505859 0.574780 0.503906 0.574780 0.505859 0.582111 0.501953 0.587977 0.498047 0.586510 0.500000 0.590909 0.507812 0.582111
0 0.364258 0.574780 0.360352 0.574780 0.360352 0.586510 0.364258 0.585044
0 0.519531 0.570381 0.518555 0.580645 0.520508 0.580645 0.519531 0.571848 0.524414 0.574780 0.523438 0.580645 0.523438 0.570381
0 0.289062 0.558651 0.288086 0.565982 0.291016 0.568915 0.292969 0.563050
0 0.514648 0.546921 0.508789 0.551320 0.510742 0.561584 0.512695 0.558651 0.508789 0.551320 0.512695 0.548387 0.514648 0.552786
0 0.541016 0.536657 0.541992 0.543988 0.545898 0.542522 0.543945 0.536657
0 0.674805 0.532258 0.671875 0.538123 0.676758 0.542522 0.679688 0.535191
0 0.435547 0.527859 0.434570 0.533724 0.439453 0.533724
0 0.297852 0.513196 0.297852 0.520528 0.301758 0.524927 0.302734 0.516129
0 0.500977 0.497067 0.500000 0.500000 0.503906 0.502933 0.500000 0.507331 0.502930 0.507331 0.504883 0.501466
0 0.597656 0.483871 0.597656 0.491202 0.601562 0.492669 0.601562 0.485337
0 0.284180 0.470674 0.281250 0.476540 0.285156 0.475073 0.282227 0.491202 0.286133 0.479472
0 0.307617 0.454545 0.306641 0.460411 0.309570 0.463343
0 0.462891 0.426686 0.458984 0.426686 0.459961 0.435484
0 0.312500 0.426686 0.313477 0.431085 0.317383 0.431085
0 0.475586 0.407625 0.474609 0.412023 0.477539 0.416422 0.478516 0.409091
0 0.375000 0.394428 0.376953 0.401760 0.377930 0.395894
0 0.308594 0.387097 0.304688 0.387097 0.302734 0.392962
0 0.386719 0.319648 0.385742 0.326979 0.381836 0.326979 0.383789 0.325513 0.382812 0.332845 0.386719 0.328446
0 0.409180 0.253666 0.406250 0.260997 0.411133 0.265396 0.413086 0.258065
0 0.367188 0.187683 0.369141 0.195015 0.374023 0.192082 0.372070 0.186217
0 0.295898 0.178886 0.291016 0.186217 0.295898 0.184751
0 0.408203 0.089443 0.403320 0.090909 0.406250 0.102639 0.409180 0.098240 0.404297 0.099707 0.403320 0.093842
0 0.342773 0.082111 0.340820 0.089443 0.339844 0.085044 0.337891 0.087977 0.342773 0.087977
0 0.319336 0.000000 0.318359 0.007331 0.321289 0.007331 0.322266 0.000000