0 0.799805 0.966276 0.810547 0.976540 0.817383 0.976540 0.819336 0.983871 0.828125 0.989736 0.818359 0.979472 0.821289 0.976540 0.817383 0.972141 0.810547 0.976540 0.808594 0.969208 0.811523 0.967742 0.805664 0.961877 0.808594 0.969208
0 0.894531 0.884164 0.898438 0.890029 0.906250 0.891496 0.905273 0.884164 0.897461 0.878299
0 0.809570 0.766862 0.819336 0.782991 0.825195 0.784457 0.821289 0.778592 0.824219 0.777126 0.833984 0.784457
0 0.748047 0.765396 0.754883 0.768328 0.760742 0.777126 0.765625 0.777126 0.773438 0.788856 0.769531 0.790323 0.750000 0.780059 0.750000 0.782991 0.774414 0.791789 0.781250 0.800587 0.808594 0.816716 0.812500 0.824047 0.832031 0.838710 0.836914 0.838710 0.854492 0.857771 0.862305 0.859238 0.892578 0.882698 0.889648 0.881232 0.884766 0.865103 0.878906 0.865103 0.879883 0.859238 0.880859 0.862170 0.879883 0.859238 0.873047 0.860704 0.872070 0.854839 0.866211 0.850440 0.874023 0.846041 0.866211 0.837243 0.858398 0.832845 0.853516 0.835777 0.833984 0.815249 0.839844 0.815249 0.837891 0.812317 0.842773 0.809384 0.835938 0.807918 0.825195 0.794721 0.815430 0.790323 0.822266 0.799120 0.821289 0.802053 0.814453 0.799120 0.812500 0.803519 0.802734 0.802053 0.795898 0.793255 0.791016 0.793255 0.790039 0.788856 0.788086 0.793255 0.781250 0.790323 0.775391 0.781525
0 0.820312 0.762463 0.843750 0.782991 0.833984 0.769795
0 0.741211 0.747801 0.741211 0.753666 0.749023 0.755132 0.755859 0.763930
0 0.718750 0.741935 0.737305 0.750733 0.734375 0.741935 0.740234 0.743402 0.731445 0.739003 0.728516 0.743402
0 0.776367 0.734604 0.785156 0.741935 0.792969 0.736070 0.786133 0.728739 0.781250 0.730205 0.787109 0.731672 0.788086 0.739003
0 0.602539 0.714076 0.599609 0.711144 0.595703 0.715543 0.587891 0.714076 0.584961 0.715543 0.584961 0.721408 0.593750 0.725806
0 0.599609 0.724340 0.615234 0.730205 0.624023 0.730205 0.627930 0.725806 0.631836 0.730205 0.645508 0.727273 0.647461 0.731672 0.654297 0.733138 0.668945 0.731672 0.666992 0.734604 0.668945 0.737537 0.671875 0.727273 0.663086 0.733138 0.661133 0.728739 0.665039 0.725806 0.664062 0.721408 0.670898 0.722874 0.677734 0.717009 0.678711 0.722874 0.687500 0.724340 0.686523 0.728739 0.678711 0.728739 0.677734 0.737537 0.679688 0.737537 0.680664 0.733138 0.695312 0.733138 0.696289 0.736070 0.703125 0.733138 0.697266 0.731672 0.697266 0.725806 0.711914 0.731672 0.703125 0.725806 0.704102 0.721408 0.709961 0.719941 0.720703 0.722874 0.723633 0.718475 0.731445 0.725806 0.743164 0.727273 0.745117 0.731672 0.744141 0.727273 0.747070 0.722874 0.750000 0.727273 0.748047 0.730205 0.755859 0.737537 0.758789 0.749267 0.769531 0.760997 0.777344 0.760997 0.781250 0.766862 0.780273 0.760997 0.786133 0.759531 0.775391 0.747801 0.760742 0.746334 0.755859 0.740469 0.755859 0.731672 0.774414 0.740469 0.774414 0.731672 0.778320 0.730205 0.777344 0.724340 0.708984 0.697947 0.700195 0.697947 0.708984 0.699413 0.708008 0.705279 0.693359 0.700880 0.690430 0.703812 0.687500 0.699413 0.666992 0.696481 0.670898 0.697947 0.671875 0.703812 0.639648 0.699413 0.613281 0.700880 0.615234 0.703812 0.610352 0.711144 0.609375 0.719941
0 0.724609 0.634897 0.725586 0.639296 0.733398 0.643695 0.732422 0.651026 0.746094 0.656891 0.765625 0.671554 0.758789 0.661290 0.767578 0.661290 0.772461 0.674487 0.792969 0.684751 0.794922 0.689150 0.798828 0.686217 0.804688 0.695015 0.802734 0.697947 0.796875 0.695015 0.796875 0.697947 0.815430 0.703812 0.811523 0.692082 0.806641 0.690616 0.809570 0.686217 0.819336 0.690616 0.827148 0.686217 0.818359 0.675953 0.796875 0.671554 0.787109 0.661290 0.791016 0.658358 0.787109 0.656891 0.788086 0.659824 0.785156 0.661290 0.780273 0.652493 0.772461 0.652493 0.764648 0.645161 0.745117 0.639296 0.743164 0.634897 0.740234 0.637830
0 0.688477 0.620235 0.696289 0.627566 0.703125 0.627566
0 0.671875 0.614370 0.675781 0.618768 0.679688 0.615836
0 0.656250 0.607038 0.656250 0.609971 0.662109 0.609971
0 0.674805 0.466276 0.690430 0.475073 0.687500 0.479472 0.681641 0.478006 0.740234 0.497067 0.750000 0.501466 0.750977 0.507331 0.780273 0.516129 0.793945 0.524927 0.801758 0.521994 0.818359 0.533724 0.808594 0.521994 0.811523 0.519062 0.818359 0.524927 0.817383 0.520528 0.803711 0.516129 0.792969 0.507331 0.784180 0.508798 0.780273 0.502933 0.781250 0.500000 0.790039 0.502933 0.792969 0.498534 0.775391 0.492669 0.778320 0.492669 0.781250 0.500000 0.773438 0.501466 0.767578 0.494135 0.756836 0.494135 0.755859 0.501466 0.748047 0.486804 0.764648 0.489736 0.761719 0.486804 0.762695 0.480938 0.750000 0.478006 0.754883 0.476540 0.754883 0.470674 0.750000 0.475073 0.749023 0.470674 0.740234 0.466276 0.744141 0.473607 0.742188 0.478006 0.734375 0.479472 0.734375 0.483871 0.724609 0.483871 0.700195 0.469208
0 0.728516 0.454545 0.742188 0.460411 0.740234 0.456012
0 0.656250 0.422287 0.668945 0.425220 0.661133 0.419355
0 0.655273 0.428152 0.644531 0.423754 0.643555 0.419355 0.632812 0.417889 0.610352 0.419355 0.615234 0.422287 0.614258 0.426686 0.593750 0.423754 0.587891 0.431085 0.573242 0.432551 0.572266 0.436950 0.563477 0.434018 0.556641 0.442815 0.541992 0.442815 0.541016 0.447214 0.531250 0.451613 0.531250 0.463343 0.526367 0.466276 0.525391 0.472141 0.526367 0.469208 0.534180 0.472141 0.537109 0.467742 0.542969 0.472141 0.547852 0.464809 0.558594 0.467742 0.562500 0.460411 0.572266 0.463343 0.579102 0.454545 0.581055 0.456012 0.579102 0.460411 0.584961 0.456012 0.587891 0.458944 0.603516 0.454545 0.598633 0.448680 0.599609 0.444282 0.602539 0.444282 0.604492 0.450147 0.612305 0.450147 0.616211 0.444282 0.624023 0.445748 0.617188 0.441349 0.618164 0.436950 0.622070 0.439883 0.618164 0.436950 0.622070 0.432551
0 0.726562 0.401760 0.712891 0.394428 0.718750 0.392962 0.718750 0.385630 0.687500 0.372434 0.677734 0.373900 0.692383 0.375367 0.703125 0.392962 0.685547 0.394428 0.677734 0.388563 0.680664 0.384164 0.684570 0.385630 0.671875 0.384164 0.666992 0.390029 0.670898 0.392962 0.672852 0.385630 0.676758 0.385630 0.678711 0.392962 0.686523 0.394428 0.691406 0.400293 0.690430 0.407625 0.657227 0.398827 0.656250 0.392962 0.665039 0.392962 0.659180 0.385630 0.640625 0.387097 0.632812 0.381232 0.629883 0.384164 0.606445 0.381232 0.603516 0.385630 0.594727 0.384164 0.592773 0.390029 0.584961 0.387097 0.581055 0.394428 0.653320 0.398827 0.654297 0.401760 0.667969 0.401760 0.669922 0.406158 0.689453 0.407625 0.691406 0.412023 0.697266 0.409091 0.700195 0.413490 0.711914 0.416422 0.710938 0.410557 0.703125 0.404692 0.709961 0.398827
0 0.524414 0.351906 0.536133 0.351906 0.541016 0.346041 0.546875 0.354839 0.559570 0.356305 0.564453 0.351906 0.561523 0.347507 0.562500 0.343109 0.580078 0.346041 0.589844 0.341642 0.593750 0.344575 0.592773 0.348974 0.571289 0.350440 0.573242 0.356305 0.602539 0.354839 0.604492 0.359238 0.609375 0.359238 0.612305 0.354839 0.612305 0.359238 0.673828 0.370968 0.663086 0.366569 0.659180 0.360704 0.660156 0.356305 0.666992 0.360704 0.708984 0.360704 0.701172 0.357771 0.700195 0.351906 0.690430 0.351906 0.686523 0.347507 0.675781 0.348974 0.670898 0.340176 0.651367 0.344575 0.645508 0.340176 0.616211 0.338710 0.611328 0.334311 0.603516 0.337243 0.593750 0.334311 0.587891 0.338710 0.579102 0.338710 0.577148 0.334311 0.572266 0.337243 0.555664 0.334311 0.541016 0.340176 0.531250 0.337243 0.535156 0.341642 0.526367 0.340176 0.529297 0.346041 0.536133 0.343109 0.537109 0.347507
0 0.426758 0.202346 0.418945 0.199413 0.416016 0.203812 0.410156 0.203812 0.405273 0.212610 0.401367 0.209677 0.390625 0.212610 0.388672 0.215543 0.390625 0.224340 0.393555 0.225806 0.389648 0.233138 0.383789 0.230205 0.380859 0.233138 0.382812 0.236070 0.380859 0.247801 0.395508 0.237537 0.398438 0.231672 0.408203 0.233138 0.414062 0.219941 0.418945 0.225806 0.413086 0.231672 0.423828 0.225806 0.420898 0.221408 0.424805 0.219941 0.423828 0.215543 0.428711 0.208211
0 0.578125 0.195015 0.586914 0.192082 0.578125 0.192082
0 0.708984 0.228739 0.705078 0.222874 0.697266 0.221408 0.692383 0.212610 0.687500 0.215543 0.680664 0.208211 0.674805 0.208211 0.673828 0.203812 0.677734 0.199413 0.671875 0.197947 0.667969 0.189150 0.659180 0.189150 0.662109 0.195015 0.654297 0.196481 0.656250 0.200880 0.653320 0.203812 0.630859 0.202346 0.624023 0.196481 0.609375 0.196481 0.608398 0.193548 0.603516 0.196481 0.602539 0.193548 0.588867 0.193548 0.588867 0.196481 0.606445 0.202346 0.605469 0.206745 0.600586 0.208211 0.632812 0.211144 0.644531 0.218475 0.659180 0.215543 0.665039 0.221408 0.674805 0.219941 0.694336 0.228739 0.703125 0.225806
0 0.521484 0.174487 0.517578 0.171554 0.518555 0.165689 0.502930 0.168622 0.501953 0.173021 0.477539 0.175953 0.465820 0.184751 0.444336 0.187683 0.442383 0.192082 0.432617 0.192082 0.431641 0.195015 0.438477 0.193548 0.434570 0.199413 0.437500 0.208211 0.434570 0.209677 0.433594 0.217009 0.428711 0.215543 0.425781 0.225806 0.433594 0.224340 0.444336 0.214076 0.446289 0.218475 0.447266 0.215543 0.452148 0.218475 0.451172 0.209677 0.460938 0.208211 0.468750 0.196481 0.483398 0.197947 0.484375 0.192082 0.492188 0.186217 0.485352 0.187683 0.483398 0.183284 0.487305 0.178886 0.499023 0.178886 0.501953 0.174487 0.504883 0.181818 0.508789 0.177419 0.521484 0.177419
0 0.531250 0.164223 0.521484 0.167155 0.530273 0.168622
0 0.544922 0.161290 0.558594 0.164223 0.554688 0.159824
0 0.529297 0.142229 0.537109 0.146628 0.536133 0.151026 0.532227 0.151026 0.540039 0.151026 0.537109 0.149560 0.539062 0.140762
0 0.592773 0.145161 0.589844 0.142229 0.583984 0.145161 0.583008 0.140762 0.578125 0.142229 0.572266 0.137830 0.562500 0.140762 0.566406 0.142229 0.564453 0.146628 0.559570 0.145161 0.558594 0.140762 0.546875 0.140762 0.552734 0.142229 0.553711 0.145161 0.549805 0.149560
0 0.477539 0.133431 0.477539 0.139296 0.482422 0.140762 0.479492 0.142229 0.478516 0.149560 0.487305 0.155425 0.487305 0.151026 0.492188 0.148094 0.492188 0.140762 0.488281 0.140762 0.486328 0.133431 0.480469 0.136364
0 0.500000 0.142229 0.500000 0.155425 0.502930 0.158358 0.508789 0.153959 0.527344 0.153959 0.514648 0.149560 0.518555 0.143695 0.518555 0.136364 0.514648 0.131965
0 0.441406 0.121701 0.449219 0.121701 0.453125 0.117302 0.441406 0.118768
0 0.497070 0.108504 0.502930 0.112903 0.511719 0.105572
0 0.602539 0.099707 0.594727 0.098240 0.592773 0.093842 0.573242 0.095308 0.581055 0.102639 0.577148 0.108504 0.565430 0.109971 0.560547 0.108504 0.559570 0.104106 0.570312 0.102639 0.571289 0.098240 0.552734 0.095308 0.546875 0.098240 0.545898 0.102639 0.538086 0.098240 0.537109 0.102639 0.532227 0.099707 0.530273 0.104106 0.518555 0.108504 0.546875 0.102639 0.550781 0.111437 0.586914 0.111437
0 0.325195 0.070381 0.313477 0.070381 0.303711 0.083578
0 0.330078 0.019062 0.313477 0.027859 0.307617 0.036657 0.318359 0.032258 0.319336 0.026393
0 0.342773 0.010264 0.334961 0.014663 0.339844 0.017595
0 0.423828 0.000000 0.382812 0.000000 0.375000 0.004399 0.371094 0.014663 0.367188 0.014663 0.365234 0.005865 0.359375 0.011730 0.365234 0.017595 0.354492 0.020528 0.353516 0.014663 0.344727 0.014663 0.341797 0.019062 0.350586 0.014663 0.353516 0.019062 0.349609 0.026393 0.355469 0.023460 0.356445 0.033724 0.344727 0.033724 0.334961 0.042522 0.322266 0.046921 0.321289 0.043988 0.327148 0.041056 0.330078 0.033724 0.326172 0.033724 0.326172 0.038123 0.319336 0.043988 0.322266 0.051320 0.318359 0.057185 0.335938 0.045455 0.342773 0.045455 0.343750 0.039589 0.349609 0.033724 0.353516 0.033724 0.356445 0.041056 0.366211 0.027859 0.375000 0.023460 0.375000 0.032258 0.378906 0.023460 0.389648 0.021994 0.389648 0.014663 0.393555 0.010264 0.403320 0.010264 0.406250 0.004399