0 0.202148 0.957478 0.197266 0.954545 0.194336 0.958944 0.195312 0.972141
0 0.599609 0.722874 0.599609 0.736070 0.602539 0.736070 0.603516 0.728739
0 0.246094 0.721408 0.237305 0.728739 0.238281 0.740469 0.234375 0.747801 0.237305 0.780059 0.234375 0.784457 0.232422 0.780059 0.228516 0.785924 0.228516 0.806452 0.231445 0.812317 0.228516 0.840176 0.213867 0.837243 0.218750 0.859238 0.215820 0.860704 0.218750 0.885630 0.213867 0.888563 0.209961 0.884164 0.208984 0.913490 0.212891 0.909091 0.213867 0.920821 0.208008 0.948680 0.206055 0.931085 0.203125 0.931085 0.203125 0.953079 0.207031 0.954545 0.201172 0.978006 0.203125 0.995601 0.225586 0.995601 0.225586 0.978006 0.228516 0.972141 0.232422 0.973607 0.232422 0.979472 0.236328 0.976540 0.234375 0.969208 0.237305 0.966276 0.237305 0.954545 0.241211 0.953079 0.240234 0.945748 0.246094 0.934018 0.244141 0.931085 0.252930 0.914956 0.252930 0.906158 0.249023 0.897361 0.258789 0.890029 0.258789 0.879765 0.264648 0.863636 0.259766 0.851906 0.264648 0.843109 0.264648 0.835777 0.270508 0.834311 0.271484 0.813783 0.265625 0.807918 0.267578 0.791789 0.272461 0.782991 0.274414 0.784457 0.277344 0.769795 0.269531 0.769795 0.268555 0.782991 0.262695 0.787390 0.261719 0.771261 0.265625 0.766862 0.264648 0.733138 0.260742 0.728739 0.255859 0.743402
0 0.538086 0.662757 0.538086 0.671554 0.540039 0.671554 0.541016 0.667155
0 0.417969 0.643695 0.414062 0.643695 0.414062 0.651026 0.417969 0.648094
0 0.406250 0.629032 0.406250 0.636364 0.413086 0.633431 0.412109 0.629032
0 0.378906 0.629032 0.377930 0.633431 0.381836 0.634897 0.381836 0.656891 0.377930 0.661290 0.375000 0.652493 0.372070 0.653959 0.375000 0.667155 0.370117 0.674487 0.370117 0.683284 0.375000 0.686217 0.373047 0.690616 0.375977 0.696481 0.382812 0.699413 0.381836 0.718475 0.377930 0.719941 0.375000 0.711144 0.375000 0.733138 0.380859 0.744868 0.377930 0.759531 0.381836 0.762463 0.385742 0.778592 0.382812 0.784457 0.380859 0.807918 0.382812 0.831378 0.378906 0.857771 0.375000 0.860704 0.374023 0.840176 0.376953 0.838710 0.377930 0.822581 0.374023 0.821114 0.375000 0.803519 0.372070 0.807918 0.369141 0.806452 0.369141 0.771261 0.365234 0.762463 0.360352 0.784457 0.363281 0.803519 0.359375 0.813783 0.360352 0.825513 0.363281 0.819648 0.365234 0.821114 0.363281 0.825513 0.365234 0.835777 0.360352 0.841642 0.362305 0.856305 0.360352 0.859238 0.364258 0.859238 0.365234 0.863636 0.359375 0.900293 0.361328 0.901760 0.362305 0.888563 0.368164 0.882698 0.369141 0.909091 0.360352 0.934018 0.360352 0.944282 0.367188 0.942815 0.366211 0.967742 0.362305 0.979472 0.365234 0.980938 0.371094 0.961877 0.375000 0.978006 0.372070 0.994135 0.392578 0.995601 0.396484 0.958944 0.400391 0.953079 0.405273 0.960411 0.403320 0.945748 0.409180 0.928152 0.406250 0.916422 0.410156 0.906158 0.415039 0.914956 0.413086 0.909091 0.415039 0.906158 0.411133 0.897361 0.415039 0.891496 0.413086 0.888563 0.410156 0.892962 0.409180 0.887097 0.415039 0.876833 0.413086 0.872434 0.415039 0.860704 0.420898 0.859238 0.416016 0.837243 0.423828 0.816716 0.421875 0.804985 0.426758 0.807918 0.428711 0.802053 0.427734 0.785924 0.421875 0.784457 0.426758 0.774194 0.420898 0.772727 0.421875 0.747801 0.424805 0.743402 0.427734 0.744868 0.428711 0.737537 0.420898 0.719941 0.420898 0.709677 0.415039 0.699413 0.417969 0.684751 0.415039 0.661290 0.400391 0.651026 0.397461 0.643695 0.399414 0.634897
0 0.888672 0.599707 0.884766 0.604106 0.890625 0.617302 0.888672 0.629032 0.894531 0.633431 0.893555 0.639296 0.896484 0.636364 0.893555 0.629032 0.893555 0.607038
0 0.879883 0.517595 0.876953 0.527859 0.863281 0.546921 0.863281 0.561584 0.866211 0.561584 0.871094 0.549853 0.880859 0.552786
0 0.518555 0.517595 0.515625 0.520528 0.518555 0.523460 0.516602 0.533724 0.525391 0.563050 0.531250 0.570381 0.528320 0.586510 0.532227 0.593842 0.532227 0.604106 0.538086 0.607038 0.538086 0.618768 0.544922 0.624633 0.540039 0.630499 0.540039 0.637830 0.545898 0.637830 0.547852 0.651026 0.552734 0.656891 0.549805 0.664223 0.544922 0.658358 0.546875 0.675953 0.550781 0.681818 0.547852 0.709677 0.542969 0.699413 0.539062 0.697947 0.537109 0.687683 0.534180 0.690616 0.534180 0.703812 0.537109 0.708211 0.534180 0.715543 0.537109 0.727273 0.535156 0.740469 0.540039 0.746334 0.543945 0.766862 0.547852 0.759531 0.550781 0.762463 0.553711 0.793255 0.547852 0.799120 0.547852 0.813783 0.550781 0.819648 0.554688 0.819648 0.555664 0.812317 0.559570 0.829912 0.561523 0.831378 0.562500 0.826979 0.571289 0.841642 0.568359 0.854839 0.565430 0.859238 0.562500 0.854839 0.560547 0.872434 0.566406 0.887097 0.566406 0.894428 0.572266 0.892962 0.572266 0.920821 0.564453 0.906158 0.560547 0.910557 0.558594 0.901760 0.555664 0.901760 0.553711 0.936950 0.558594 0.936950 0.565430 0.951613 0.572266 0.954545 0.572266 0.960411 0.568359 0.966276 0.566406 0.963343 0.563477 0.976540 0.567383 0.976540 0.568359 0.970674 0.571289 0.973607 0.572266 0.998534 0.586914 0.995601 0.592773 0.998534 0.590820 0.976540 0.595703 0.961877 0.596680 0.920821 0.601562 0.917889 0.601562 0.910557 0.595703 0.909091 0.598633 0.887097 0.592773 0.865103 0.596680 0.859238 0.596680 0.818182 0.592773 0.812317 0.592773 0.791789 0.589844 0.790323 0.589844 0.769795 0.585938 0.756598 0.585938 0.746334 0.589844 0.740469 0.587891 0.719941 0.590820 0.708211 0.590820 0.681818 0.587891 0.653959 0.581055 0.634897 0.586914 0.631965 0.586914 0.626100 0.571289 0.599707 0.570312 0.558651 0.561523 0.549853 0.562500 0.523460 0.550781 0.523460 0.543945 0.527859 0.530273 0.517595 0.525391 0.521994
0 0.508789 0.513196 0.509766 0.519062 0.514648 0.516129 0.514648 0.513196
0 0.644531 0.475073 0.648438 0.482405 0.648438 0.475073
0 0.703125 0.384164 0.701172 0.392962 0.705078 0.392962 0.704102 0.397361 0.708984 0.400293 0.708984 0.409091 0.715820 0.419355 0.724609 0.453079 0.727539 0.448680 0.726562 0.438416 0.718750 0.429619 0.712891 0.395894 0.709961 0.395894
0 0.813477 0.366569 0.813477 0.375367 0.820312 0.392962 0.827148 0.397361 0.822266 0.390029 0.818359 0.372434
0 0.607422 0.334311 0.625000 0.362170 0.625000 0.370968 0.627930 0.375367 0.625977 0.379765 0.619141 0.372434 0.616211 0.375367 0.620117 0.388563 0.626953 0.394428 0.629883 0.385630 0.644531 0.412023 0.648438 0.412023 0.649414 0.403226 0.653320 0.407625 0.660156 0.429619 0.665039 0.432551 0.670898 0.429619 0.677734 0.442815 0.678711 0.456012 0.687500 0.478006 0.684570 0.480938 0.680664 0.475073 0.679688 0.489736 0.669922 0.483871 0.659180 0.458944 0.655273 0.436950 0.651367 0.438416 0.654297 0.464809 0.662109 0.466276 0.665039 0.479472 0.662109 0.483871 0.663086 0.497067 0.671875 0.508798 0.672852 0.519062 0.677734 0.523460 0.678711 0.533724 0.681641 0.536657 0.680664 0.543988 0.673828 0.532258 0.671875 0.535191 0.677734 0.549853 0.682617 0.576246 0.689453 0.582111 0.695312 0.571848 0.700195 0.590909 0.703125 0.595308 0.707031 0.590909 0.708984 0.604106 0.703125 0.605572 0.707031 0.631965 0.712891 0.640762 0.711914 0.648094 0.716797 0.653959 0.716797 0.659824 0.727539 0.664223 0.725586 0.675953 0.727539 0.693548 0.719727 0.703812 0.721680 0.714076 0.726562 0.714076 0.734375 0.728739 0.734375 0.753666 0.743164 0.766862 0.744141 0.780059 0.741211 0.788856 0.747070 0.788856 0.750000 0.797654 0.755859 0.802053 0.755859 0.816716 0.759766 0.816716 0.764648 0.825513 0.764648 0.797654 0.761719 0.791789 0.764648 0.787390 0.765625 0.771261 0.759766 0.755132 0.759766 0.734604 0.755859 0.725806 0.757812 0.721408 0.754883 0.690616 0.751953 0.684751 0.751953 0.677419 0.757812 0.673021 0.754883 0.667155 0.751953 0.633431 0.743164 0.604106 0.743164 0.564516 0.736328 0.557185 0.737305 0.543988 0.734375 0.539589 0.733398 0.526393 0.728516 0.520528 0.727539 0.511730 0.722656 0.511730 0.718750 0.502933 0.720703 0.497067 0.715820 0.482405 0.717773 0.469208 0.711914 0.458944 0.711914 0.451613 0.715820 0.444282 0.711914 0.426686 0.703125 0.426686 0.699219 0.420821 0.695312 0.404692 0.692383 0.403226 0.693359 0.385630 0.686523 0.372434 0.681641 0.372434 0.674805 0.365103 0.673828 0.356305 0.667969 0.346041 0.668945 0.338710 0.662109 0.338710 0.656250 0.332845 0.643555 0.332845 0.647461 0.340176 0.647461 0.346041 0.643555 0.348974 0.633789 0.334311 0.612305 0.334311 0.611328 0.337243
0 0.686523 0.281525 0.683594 0.278592 0.678711 0.281525 0.674805 0.299120 0.679688 0.299120 0.681641 0.291789 0.686523 0.288856
0 0.669922 0.123167 0.677734 0.129032 0.677734 0.134897 0.672852 0.139296 0.679688 0.143695 0.684570 0.153959 0.693359 0.155425 0.703125 0.181818 0.710938 0.186217 0.703125 0.174487 0.708008 0.171554 0.721680 0.187683 0.718750 0.205279 0.732422 0.227273 0.735352 0.252199 0.750000 0.275660 0.759766 0.282991 0.758789 0.294721 0.775391 0.326979 0.781250 0.324047 0.787109 0.329912 0.791016 0.338710 0.791992 0.351906 0.789062 0.351906 0.784180 0.338710 0.781250 0.338710 0.787109 0.356305 0.792969 0.356305 0.796875 0.362170 0.796875 0.369501 0.801758 0.370968 0.792969 0.343109 0.796875 0.338710 0.796875 0.332845 0.791016 0.322581 0.790039 0.310850 0.774414 0.281525 0.759766 0.272727 0.758789 0.268328 0.765625 0.263930 0.757812 0.244868 0.758789 0.239003 0.765625 0.246334 0.765625 0.252199 0.781250 0.280059 0.782227 0.290323 0.796875 0.316716 0.796875 0.322581 0.809570 0.337243 0.822266 0.366569 0.823242 0.375367 0.827148 0.379765 0.830078 0.373900 0.833984 0.379765 0.843750 0.407625 0.841797 0.413490 0.833984 0.417889 0.826172 0.409091 0.827148 0.423754 0.824219 0.419355 0.818359 0.422287 0.807617 0.419355 0.812500 0.441349 0.817383 0.441349 0.818359 0.432551 0.826172 0.425220 0.833984 0.432551 0.838867 0.451613 0.837891 0.457478 0.832031 0.451613 0.834961 0.472141 0.843750 0.483871 0.844727 0.495601 0.848633 0.497067 0.850586 0.491202 0.856445 0.502933 0.850586 0.501466 0.851562 0.510264 0.856445 0.510264 0.858398 0.505865 0.867188 0.521994 0.877930 0.501466 0.877930 0.492669 0.858398 0.432551 0.858398 0.403226 0.850586 0.390029 0.849609 0.381232 0.843750 0.378299 0.836914 0.353372 0.831055 0.346041 0.825195 0.316716 0.819336 0.307918 0.818359 0.293255 0.811523 0.288856 0.809570 0.274194 0.802734 0.271261 0.799805 0.260997 0.800781 0.256598 0.805664 0.256598 0.802734 0.246334 0.784180 0.228739 0.780273 0.211144 0.786133 0.203812 0.780273 0.184751 0.770508 0.174487 0.766602 0.175953 0.761719 0.164223 0.755859 0.159824 0.757812 0.149560 0.752930 0.149560 0.749023 0.137830 0.737305 0.124633 0.733398 0.105572 0.730469 0.109971 0.726562 0.107038 0.730469 0.102639 0.728516 0.093842 0.722656 0.099707 0.723633 0.105572 0.713867 0.104106 0.708984 0.108504 0.709961 0.115836 0.715820 0.118768 0.714844 0.137830 0.708984 0.129032 0.702148 0.127566 0.702148 0.117302 0.680664 0.117302
0 0.728516 0.042522 0.722656 0.051320 0.726562 0.051320
0 0.773438 0.000000 0.796875 0.027859 0.797852 0.036657 0.820312 0.080645 0.826172 0.087977 0.833984 0.089443 0.837891 0.096774 0.840820 0.093842 0.844727 0.101173 0.856445 0.104106 0.857422 0.115836 0.863281 0.130499 0.880859 0.156891 0.881836 0.171554 0.891602 0.190616 0.905273 0.162757 0.909180 0.137830 0.902344 0.130499 0.902344 0.123167 0.890625 0.104106 0.893555 0.098240 0.899414 0.102639 0.899414 0.095308 0.884766 0.085044 0.879883 0.071848 0.875000 0.068915 0.874023 0.048387 0.868164 0.039589 0.863281 0.039589 0.856445 0.032258 0.842773 0.000000 0.796875 0.000000 0.796875 0.002933 0.801758 0.000000 0.811523 0.010264 0.816406 0.021994 0.821289 0.021994 0.831055 0.035191 0.832031 0.042522 0.840820 0.052786 0.840820 0.060117 0.837891 0.063050 0.827148 0.049853 0.824219 0.039589 0.818359 0.038123 0.822266 0.046921 0.821289 0.051320 0.807617 0.039589 0.798828 0.026393 0.796875 0.016129 0.799805 0.010264 0.797852 0.008798 0.796875 0.016129 0.791016 0.007331 0.792969 0.001466