0 0.572266 0.816716 0.566406 0.813783 0.556641 0.824047 0.562500 0.826979
0 0.655273 0.775660 0.651367 0.775660 0.652344 0.769795 0.648438 0.765396 0.634766 0.768328 0.627930 0.778592 0.607422 0.778592 0.605469 0.771261 0.597656 0.771261 0.603516 0.763930 0.608398 0.763930 0.613281 0.750733 0.622070 0.746334 0.625000 0.753666 0.629883 0.755132 0.645508 0.736070 0.645508 0.731672 0.640625 0.730205 0.643555 0.722874 0.639648 0.721408 0.620117 0.722874 0.613281 0.727273 0.612305 0.721408 0.597656 0.719941 0.588867 0.722874 0.577148 0.734604 0.566406 0.734604 0.540039 0.747801 0.535156 0.753666 0.546875 0.755132 0.566406 0.744868 0.571289 0.746334 0.565430 0.755132 0.556641 0.758065 0.539062 0.774194 0.510742 0.781525 0.505859 0.790323 0.515625 0.797654 0.542969 0.791789 0.541016 0.797654 0.521484 0.809384 0.525391 0.815249 0.534180 0.815249 0.543945 0.810850 0.543945 0.804985 0.553711 0.793255 0.578125 0.777126 0.587891 0.778592 0.578125 0.788856 0.593750 0.790323 0.606445 0.778592 0.610352 0.784457 0.618164 0.784457 0.630859 0.777126 0.639648 0.782991 0.653320 0.780059
0 0.449219 0.621701 0.422852 0.624633 0.445312 0.627566
0 0.501953 0.642229 0.499023 0.634897 0.490234 0.629032 0.492188 0.620235 0.484375 0.615836 0.474609 0.621701 0.461914 0.617302 0.458984 0.620235 0.458984 0.629032 0.437500 0.633431 0.438477 0.637830 0.443359 0.636364 0.448242 0.642229 0.466797 0.636364 0.487305 0.646628
0 0.500000 0.590909 0.475586 0.583578 0.467773 0.590909 0.447266 0.593842 0.435547 0.604106 0.443359 0.605572 0.444336 0.612903 0.446289 0.609971 0.455078 0.612903 0.474609 0.599707 0.479492 0.604106 0.493164 0.604106 0.500000 0.599707
0 0.655273 0.564516 0.640625 0.564516 0.630859 0.571848 0.633789 0.576246 0.634766 0.573314 0.640625 0.576246 0.650391 0.571848
0 0.673828 0.535191 0.651367 0.543988 0.653320 0.549853 0.649414 0.554252 0.640625 0.549853 0.614258 0.558651 0.604492 0.554252 0.609375 0.558651 0.605469 0.564516 0.592773 0.567449 0.578125 0.560117 0.560547 0.558651 0.561523 0.554252 0.558594 0.551320 0.534180 0.558651 0.505859 0.560117 0.502930 0.563050 0.513672 0.567449 0.528320 0.563050 0.529297 0.567449 0.525391 0.573314 0.515625 0.574780 0.515625 0.582111 0.510742 0.582111 0.503906 0.590909 0.517578 0.599707 0.521484 0.605572 0.519531 0.607038 0.521484 0.614370 0.531250 0.624633 0.550781 0.629032 0.577148 0.627566 0.589844 0.615836 0.581055 0.614370 0.582031 0.605572 0.601562 0.604106 0.610352 0.592375 0.622070 0.589443 0.625000 0.585044 0.613281 0.582111 0.600586 0.586510 0.584961 0.582111 0.581055 0.576246 0.603516 0.565982 0.619141 0.565982 0.627930 0.554252 0.628906 0.557185 0.655273 0.554252 0.657227 0.549853 0.664062 0.548387 0.661133 0.543988 0.663086 0.539589 0.670898 0.539589
0 0.448242 0.392962 0.455078 0.390029 0.448242 0.390029
0 0.372070 0.414956 0.379883 0.413490 0.392578 0.422287 0.391602 0.439883 0.408203 0.439883 0.413086 0.444282 0.446289 0.439883 0.454102 0.431085 0.474609 0.435484 0.490234 0.426686 0.480469 0.419355 0.453125 0.419355 0.450195 0.416422 0.452148 0.410557 0.446289 0.404692 0.438477 0.404692 0.436523 0.400293 0.419922 0.403226 0.415039 0.397361 0.416016 0.394428 0.433594 0.392962 0.421875 0.385630 0.397461 0.385630 0.375977 0.391496 0.375000 0.397361 0.390625 0.394428 0.397461 0.403226 0.392578 0.407625 0.384766 0.404692
0 0.577148 0.403226 0.577148 0.398827 0.566406 0.398827 0.560547 0.394428 0.554688 0.381232 0.545898 0.376833 0.500977 0.379765 0.500000 0.384164 0.505859 0.390029 0.501953 0.395894 0.495117 0.395894 0.493164 0.391496 0.478516 0.394428 0.477539 0.390029 0.483398 0.385630 0.468750 0.385630 0.461914 0.390029 0.468750 0.401760 0.474609 0.403226 0.471680 0.409091 0.479492 0.416422 0.487305 0.417889 0.498047 0.413490 0.508789 0.417889 0.539062 0.417889
0 0.279297 0.372434 0.284180 0.378299 0.293945 0.373900 0.292969 0.370968
0 0.209961 0.338710 0.212891 0.346041 0.218750 0.348974 0.215820 0.353372 0.218750 0.359238 0.230469 0.359238 0.235352 0.365103 0.251953 0.369501 0.252930 0.362170 0.261719 0.362170 0.251953 0.353372 0.225586 0.347507 0.217773 0.338710
0 0.362305 0.184751 0.369141 0.196481 0.362305 0.205279 0.374023 0.206745 0.381836 0.217009 0.380859 0.224340 0.390625 0.231672 0.402344 0.230205 0.409180 0.234604 0.433594 0.231672 0.451172 0.239003 0.468750 0.234604 0.477539 0.237537 0.478516 0.234604 0.458984 0.217009 0.453125 0.219941 0.446289 0.215543 0.436523 0.202346 0.416016 0.196481 0.400391 0.197947 0.387695 0.189150