0 0.634766 0.991202 0.635742 0.995601 0.639648 0.994135 0.637695 0.989736
0 0.931641 0.978006 0.927734 0.985337 0.934570 0.995601 0.936523 0.980938
0 0.772461 0.957478 0.772461 0.964809 0.775391 0.964809 0.775391 0.958944
0 0.598633 0.954545 0.593750 0.958944 0.596680 0.966276 0.601562 0.961877
0 0.588867 0.935484 0.588867 0.942815 0.592773 0.944282 0.592773 0.938416
0 0.921875 0.926686 0.923828 0.932551 0.924805 0.926686
0 0.756836 0.910557 0.755859 0.919355 0.759766 0.923754 0.761719 0.914956
0 0.593750 0.903226 0.591797 0.910557 0.594727 0.917889 0.602539 0.919355 0.601562 0.910557
0 0.905273 0.888563 0.900391 0.891496 0.901367 0.897361 0.905273 0.897361
0 0.782227 0.888563 0.781250 0.894428 0.786133 0.895894
0 0.579102 0.875367 0.578125 0.881232 0.583984 0.882698 0.583008 0.875367
0 0.593750 0.872434 0.591797 0.878299 0.595703 0.882698
0 0.756836 0.828446 0.755859 0.835777 0.758789 0.843109 0.764648 0.843109 0.762695 0.832845
0 0.441406 0.809384 0.438477 0.815249 0.443359 0.821114 0.445312 0.812317
0 0.765625 0.799120 0.765625 0.813783 0.768555 0.813783 0.770508 0.807918
0 0.599609 0.793255 0.601562 0.802053 0.602539 0.794721
0 0.747070 0.788856 0.741211 0.797654 0.749023 0.806452 0.750000 0.791789
0 0.428711 0.780059 0.428711 0.788856 0.433594 0.787390 0.433594 0.781525
0 0.581055 0.771261 0.578125 0.775660 0.579102 0.782991 0.585938 0.784457 0.585938 0.774194
0 0.719727 0.768328 0.722656 0.774194 0.724609 0.772727 0.723633 0.766862
0 0.597656 0.750733 0.594727 0.755132 0.597656 0.763930 0.602539 0.765396 0.603516 0.758065
0 0.444336 0.743402 0.443359 0.750733 0.446289 0.750733 0.447266 0.744868
0 0.573242 0.737537 0.578125 0.755132 0.583008 0.755132 0.583008 0.744868
0 0.579102 0.697947 0.582031 0.706745 0.586914 0.708211 0.585938 0.696481
0 0.736328 0.664223 0.732422 0.667155 0.732422 0.675953
0 0.727539 0.649560 0.722656 0.645161 0.718750 0.655425 0.724609 0.655425
0 0.565430 0.643695 0.568359 0.652493 0.580078 0.652493 0.578125 0.640762 0.572266 0.645161 0.568359 0.639296
0 0.422852 0.624633 0.423828 0.633431 0.426758 0.629032
0 0.700195 0.602639 0.700195 0.608504 0.703125 0.609971
0 0.437500 0.602639 0.435547 0.608504 0.439453 0.615836 0.442383 0.609971
0 0.448242 0.592375 0.448242 0.596774 0.452148 0.599707 0.452148 0.590909
0 0.437500 0.558651 0.437500 0.567449 0.439453 0.567449 0.440430 0.560117
0 0.573242 0.546921 0.573242 0.552786 0.577148 0.557185 0.577148 0.546921
0 0.407227 0.545455 0.408203 0.554252 0.411133 0.549853
0 0.421875 0.545455 0.422852 0.549853 0.426758 0.548387 0.424805 0.543988
0 0.573242 0.523460 0.572266 0.529326 0.575195 0.533724 0.577148 0.526393
0 0.571289 0.504399 0.571289 0.510264 0.577148 0.510264 0.574219 0.502933
0 0.443359 0.494135 0.437500 0.498534 0.432617 0.513196 0.437500 0.521994 0.443359 0.519062 0.442383 0.511730 0.445312 0.505865
0 0.288086 0.480938 0.285156 0.488270 0.290039 0.492669 0.292969 0.488270
0 0.375000 0.470674 0.375000 0.479472 0.379883 0.476540 0.379883 0.470674
0 0.449219 0.469208 0.441406 0.478006 0.444336 0.483871 0.449219 0.476540
0 0.278320 0.466276 0.278320 0.473607 0.280273 0.473607 0.280273 0.466276
0 0.416992 0.461877 0.416992 0.467742 0.420898 0.469208 0.420898 0.461877
0 0.265625 0.442815 0.260742 0.442815 0.256836 0.454545 0.260742 0.458944 0.267578 0.453079
0 0.375977 0.428152 0.375977 0.432551 0.380859 0.436950 0.380859 0.428152
0 0.250977 0.426686 0.254883 0.431085 0.254883 0.423754
0 0.288086 0.398827 0.287109 0.407625 0.291016 0.412023 0.293945 0.403226 0.292969 0.398827
0 0.319336 0.384164 0.316406 0.387097 0.318359 0.392962
0 0.559570 0.381232 0.555664 0.388563 0.561523 0.394428 0.562500 0.387097
0 0.304688 0.372434 0.304688 0.384164 0.309570 0.385630 0.311523 0.372434
0 0.580078 0.363636 0.576172 0.368035 0.578125 0.373900 0.583008 0.369501
0 0.316406 0.363636 0.318359 0.369501 0.321289 0.369501 0.321289 0.363636
0 0.437500 0.353372 0.432617 0.365103 0.439453 0.370968 0.440430 0.357771
0 0.414062 0.338710 0.413086 0.347507 0.416016 0.347507
0 0.312500 0.328446 0.309570 0.337243 0.312500 0.343109 0.317383 0.331378
0 0.443359 0.315249 0.438477 0.315249 0.438477 0.325513 0.443359 0.324047
0 0.318359 0.233138 0.315430 0.244868 0.319336 0.252199 0.324219 0.240469
0 0.330078 0.215543 0.328125 0.215543 0.328125 0.224340 0.331055 0.219941
0 0.465820 0.189150 0.462891 0.192082 0.463867 0.196481
0 0.421875 0.175953 0.418945 0.178886 0.419922 0.186217 0.423828 0.183284
0 0.218750 0.136364 0.220703 0.143695 0.221680 0.137830
0 0.477539 0.133431 0.472656 0.140762 0.474609 0.143695 0.477539 0.140762
0 0.318359 0.117302 0.322266 0.121701 0.322266 0.117302
0 0.339844 0.080645 0.333984 0.089443 0.335938 0.098240 0.342773 0.089443
0 0.330078 0.058651 0.326172 0.061584 0.328125 0.068915
0 0.220703 0.055718 0.218750 0.064516 0.221680 0.061584
0 0.350586 0.035191 0.352539 0.042522 0.353516 0.038123
0 0.246094 0.035191 0.241211 0.039589 0.240234 0.051320 0.246094 0.045455
0 0.390625 0.019062 0.387695 0.019062 0.382812 0.029326 0.385742 0.038123 0.389648 0.036657
0 0.361328 0.001466 0.354492 0.014663 0.357422 0.026393 0.364258 0.014663 0.364258 0.005865
0 0.217773 0.001466 0.213867 0.008798 0.217773 0.008798