0 0.989258 0.661290 0.982422 0.661290 0.981445 0.652493 0.975586 0.652493 0.958984 0.673021 0.953125 0.674487 0.937500 0.697947 0.937500 0.706745 0.944336 0.708211 0.943359 0.715543 0.930664 0.727273 0.927734 0.725806 0.926758 0.718475 0.910156 0.728739 0.908203 0.734604 0.904297 0.734604 0.900391 0.744868 0.884766 0.758065 0.880859 0.768328 0.873047 0.766862 0.867188 0.771261 0.859375 0.784457 0.859375 0.791789 0.863281 0.797654 0.858398 0.807918 0.853516 0.806452 0.855469 0.794721 0.850586 0.793255 0.844727 0.797654 0.843750 0.816716 0.840820 0.821114 0.844727 0.834311 0.840820 0.841642 0.835938 0.840176 0.835938 0.844575 0.842773 0.847507 0.844727 0.854839 0.850586 0.854839 0.858398 0.848974 0.865234 0.835777 0.874023 0.840176 0.882812 0.825513 0.886719 0.825513 0.898438 0.810850 0.902344 0.810850 0.907227 0.800587 0.911133 0.800587 0.921875 0.780059 0.924805 0.787390 0.936523 0.777126 0.938477 0.760997 0.942383 0.759531 0.944336 0.765396 0.952148 0.760997 0.960938 0.746334 0.967773 0.741935 0.967773 0.737537 0.962891 0.739003 0.961914 0.734604 0.968750 0.725806 0.975586 0.731672 0.982422 0.719941 0.989258 0.718475 0.987305 0.712610
0 0.384766 0.639296 0.377930 0.642229 0.383789 0.643695
0 0.364258 0.633431 0.359375 0.629032 0.354492 0.633431 0.354492 0.637830 0.364258 0.636364
0 0.571289 0.532258 0.577148 0.533724 0.577148 0.527859
0 0.939453 0.489736 0.935547 0.489736 0.926758 0.502933 0.916016 0.508798 0.913086 0.516129 0.907227 0.517595 0.905273 0.526393 0.890625 0.536657 0.889648 0.541056 0.884766 0.541056 0.872070 0.555718 0.868164 0.552786 0.868164 0.546921 0.872070 0.542522 0.871094 0.536657 0.862305 0.539589 0.861328 0.530792 0.856445 0.532258 0.853516 0.543988 0.849609 0.545455 0.848633 0.539589 0.843750 0.541056 0.843750 0.552786 0.837891 0.558651 0.840820 0.570381 0.827148 0.582111 0.818359 0.582111 0.813477 0.586510 0.812500 0.582111 0.815430 0.579179 0.812500 0.577713 0.782227 0.593842 0.759766 0.617302 0.765625 0.617302 0.764648 0.629032 0.751953 0.634897 0.749023 0.626100 0.737305 0.630499 0.733398 0.637830 0.722656 0.645161 0.727539 0.652493 0.724609 0.656891 0.712891 0.662757 0.703125 0.662757 0.703125 0.656891 0.691406 0.662757 0.693359 0.665689 0.689453 0.671554 0.680664 0.668622 0.675781 0.673021 0.674805 0.680352 0.669922 0.681818 0.658203 0.696481 0.644531 0.699413 0.639648 0.709677 0.626953 0.719941 0.622070 0.718475 0.629883 0.708211 0.610352 0.715543 0.600586 0.728739 0.604492 0.731672 0.601562 0.737537 0.596680 0.737537 0.595703 0.741935 0.587891 0.746334 0.586914 0.759531 0.602539 0.753666 0.609375 0.741935 0.617188 0.743402 0.625000 0.731672 0.628906 0.734604 0.627930 0.743402 0.648438 0.741935 0.647461 0.753666 0.655273 0.750733 0.657227 0.755132 0.664062 0.755132 0.671875 0.740469 0.680664 0.749267 0.703125 0.727273 0.720703 0.718475 0.725586 0.706745 0.731445 0.706745 0.735352 0.697947 0.749023 0.696481 0.750000 0.689150 0.758789 0.686217 0.757812 0.680352 0.760742 0.674487 0.766602 0.670088 0.777344 0.671554 0.781250 0.662757 0.788086 0.659824 0.804688 0.639296 0.811523 0.637830 0.816406 0.629032 0.827148 0.623167 0.828125 0.615836 0.839844 0.609971 0.863281 0.580645 0.869141 0.580645 0.881836 0.561584 0.892578 0.554252 0.904297 0.535191 0.930664 0.505865
0 0.796875 0.419355 0.788086 0.423754 0.778320 0.417889 0.773438 0.419355 0.757812 0.436950 0.744141 0.432551 0.733398 0.445748 0.728516 0.445748 0.724609 0.454545 0.715820 0.457478 0.715820 0.463343 0.708008 0.470674 0.701172 0.466276 0.697266 0.458944 0.699219 0.454545 0.693359 0.450147 0.685547 0.457478 0.684570 0.464809 0.687500 0.469208 0.681641 0.475073 0.680664 0.486804 0.671875 0.489736 0.667969 0.498534 0.649414 0.500000 0.649414 0.492669 0.655273 0.492669 0.658203 0.488270 0.656250 0.485337 0.659180 0.479472 0.656250 0.475073 0.644531 0.485337 0.646484 0.495601 0.633789 0.511730 0.629883 0.508798 0.622070 0.511730 0.618164 0.502933 0.602539 0.504399 0.593750 0.513196 0.590820 0.529326 0.581055 0.536657 0.586914 0.548387 0.578125 0.555718 0.578125 0.565982 0.574219 0.568915 0.571289 0.565982 0.570312 0.551320 0.568359 0.554252 0.562500 0.545455 0.568359 0.538123 0.568359 0.532258 0.564453 0.535191 0.555664 0.532258 0.516602 0.551320 0.518555 0.557185 0.511719 0.563050 0.503906 0.558651 0.485352 0.570381 0.484375 0.582111 0.477539 0.590909 0.471680 0.583578 0.456055 0.582111 0.451172 0.601173 0.456055 0.608504 0.464844 0.608504 0.466797 0.615836 0.465820 0.623167 0.457031 0.629032 0.454102 0.636364 0.465820 0.642229 0.474609 0.639296 0.481445 0.648094 0.494141 0.642229 0.498047 0.648094 0.493164 0.655425 0.505859 0.671554 0.503906 0.678886 0.505859 0.675953 0.506836 0.680352 0.502930 0.696481 0.495117 0.708211 0.507812 0.708211 0.518555 0.699413 0.526367 0.708211 0.539062 0.706745 0.541992 0.696481 0.548828 0.695015 0.554688 0.686217 0.554688 0.677419 0.538086 0.684751 0.537109 0.674487 0.516602 0.675953 0.515625 0.673021 0.523438 0.665689 0.518555 0.653959 0.524414 0.648094 0.521484 0.645161 0.516602 0.648094 0.515625 0.639296 0.523438 0.631965 0.517578 0.627566 0.522461 0.615836 0.528320 0.620235 0.542969 0.604106 0.541016 0.595308 0.542969 0.587977 0.540039 0.586510 0.541992 0.580645 0.547852 0.582111 0.550781 0.595308 0.565430 0.590909 0.565430 0.596774 0.574219 0.596774 0.591797 0.580645 0.598633 0.580645 0.609375 0.568915 0.624023 0.567449 0.634766 0.554252 0.664062 0.538123 0.665039 0.533724 0.676758 0.533724 0.688477 0.516129 0.702148 0.510264 0.719727 0.492669 0.723633 0.495601 0.735352 0.482405 0.742188 0.482405 0.752930 0.469208 0.767578 0.463343 0.777344 0.453079 0.775391 0.447214
0 0.721680 0.425220 0.743164 0.416422 0.747070 0.426686 0.759766 0.422287 0.770508 0.409091 0.767578 0.403226 0.768555 0.395894 0.762695 0.395894 0.754883 0.403226 0.749023 0.395894 0.740234 0.395894 0.735352 0.400293 0.728516 0.417889 0.721680 0.419355
0 0.833984 0.384164 0.826172 0.385630 0.808594 0.409091 0.803711 0.410557 0.802734 0.416422 0.821289 0.403226
0 0.670898 0.343109 0.666992 0.340176 0.661133 0.348974 0.657227 0.348974 0.657227 0.359238 0.667969 0.356305
0 0.287109 0.285924 0.293945 0.296188 0.299805 0.322581 0.309570 0.326979 0.304688 0.329912 0.304688 0.335777 0.315430 0.338710 0.318359 0.350440 0.331055 0.354839 0.343750 0.338710 0.355469 0.337243 0.358398 0.332845 0.358398 0.328446 0.331055 0.326979 0.330078 0.316716 0.320312 0.315249 0.319336 0.310850 0.324219 0.307918 0.327148 0.291789 0.324219 0.290323 0.325195 0.281525 0.316406 0.278592 0.314453 0.272727 0.300781 0.269795 0.295898 0.280059
0 0.684570 0.268328 0.678711 0.268328 0.664062 0.285924 0.659180 0.285924 0.655273 0.277126 0.646484 0.278592 0.640625 0.290323 0.639648 0.300587 0.630859 0.302053 0.625000 0.309384 0.606445 0.302053 0.597656 0.306452 0.592773 0.316716 0.582031 0.313783 0.580078 0.306452 0.573242 0.304985 0.554688 0.325513 0.546875 0.324047 0.540039 0.329912 0.532227 0.329912 0.524414 0.344575 0.525391 0.351906 0.522461 0.359238 0.525391 0.365103 0.512695 0.375367 0.504883 0.362170 0.488281 0.357771 0.476562 0.372434 0.468750 0.370968 0.461914 0.376833 0.453125 0.376833 0.447266 0.385630 0.440430 0.385630 0.436523 0.379765 0.421875 0.384164 0.421875 0.392962 0.426758 0.392962 0.428711 0.397361 0.421875 0.407625 0.411133 0.401760 0.415039 0.391496 0.403320 0.385630 0.388672 0.385630 0.372070 0.390029 0.368164 0.400293 0.362305 0.400293 0.356445 0.407625 0.342773 0.398827 0.319336 0.400293 0.307617 0.404692 0.293945 0.417889 0.281250 0.413490 0.276367 0.420821 0.281250 0.425220 0.298828 0.417889 0.312500 0.431085 0.297852 0.434018 0.294922 0.438416 0.297852 0.444282 0.306641 0.444282 0.323242 0.431085 0.328125 0.432551 0.329102 0.436950 0.333984 0.435484 0.337891 0.444282 0.331055 0.447214 0.323242 0.460411 0.328125 0.472141 0.333984 0.473607 0.337891 0.480938 0.336914 0.485337 0.331055 0.485337 0.323242 0.492669 0.332031 0.520528 0.325195 0.538123 0.328125 0.542522 0.337891 0.542522 0.342773 0.538123 0.354492 0.548387 0.356445 0.545455 0.359375 0.549853 0.366211 0.545455 0.369141 0.548387 0.374023 0.543988 0.375000 0.533724 0.380859 0.530792 0.383789 0.533724 0.384766 0.527859 0.370117 0.527859 0.368164 0.517595 0.352539 0.510264 0.355469 0.505865 0.353516 0.501466 0.362305 0.488270 0.358398 0.482405 0.359375 0.473607 0.377930 0.472141 0.389648 0.463343 0.389648 0.457478 0.395508 0.456012 0.398438 0.450147 0.418945 0.454545 0.421875 0.458944 0.428711 0.456012 0.432617 0.445748 0.440430 0.444282 0.449219 0.432551 0.446289 0.426686 0.448242 0.422287 0.461914 0.416422 0.484375 0.416422 0.490234 0.398827 0.494141 0.401760 0.499023 0.397361 0.505859 0.407625 0.518555 0.406158 0.521484 0.401760 0.520508 0.395894 0.524414 0.392962 0.562500 0.394428 0.563477 0.398827 0.577148 0.394428 0.578125 0.390029 0.583984 0.394428 0.568359 0.409091 0.568359 0.416422 0.565430 0.417889 0.568359 0.422287 0.561523 0.432551 0.550781 0.434018 0.541992 0.442815 0.539062 0.457478 0.536133 0.460411 0.532227 0.457478 0.522461 0.466276 0.522461 0.469208 0.528320 0.469208 0.531250 0.464809 0.534180 0.467742 0.538086 0.463343 0.543945 0.464809 0.550781 0.456012 0.554688 0.456012 0.562500 0.441349 0.567383 0.441349 0.579102 0.426686 0.602539 0.416422 0.607422 0.409091 0.617188 0.412023 0.630859 0.401760 0.639648 0.387097 0.625000 0.391496 0.611328 0.407625 0.604492 0.409091 0.602539 0.404692 0.608398 0.397361 0.608398 0.381232 0.594727 0.385630 0.592773 0.379765 0.600586 0.370968 0.608398 0.370968 0.621094 0.359238 0.625000 0.347507 0.632812 0.343109 0.641602 0.326979 0.653320 0.315249 0.665039 0.318182 0.670898 0.304985 0.666016 0.293255 0.684570 0.275660
0 0.426758 0.266862 0.423828 0.262463 0.412109 0.263930 0.406250 0.268328 0.406250 0.275660 0.421875 0.275660
0 0.446289 0.246334 0.440430 0.244868 0.431641 0.250733 0.429688 0.256598 0.446289 0.252199
0 0.499023 0.178886 0.492188 0.184751 0.484375 0.184751 0.478516 0.196481 0.471680 0.196481 0.468750 0.189150 0.464844 0.192082 0.456055 0.189150 0.441406 0.193548 0.439453 0.197947 0.429688 0.197947 0.418945 0.206745 0.401367 0.206745 0.397461 0.209677 0.396484 0.219941 0.390625 0.222874 0.386719 0.212610 0.376953 0.215543 0.374023 0.203812 0.368164 0.196481 0.369141 0.189150 0.347656 0.187683 0.343750 0.208211 0.338867 0.215543 0.343750 0.225806 0.342773 0.231672 0.336914 0.239003 0.332031 0.239003 0.328125 0.227273 0.318359 0.234604 0.310547 0.233138 0.303711 0.240469 0.303711 0.249267 0.313477 0.265396 0.321289 0.266862 0.330078 0.265396 0.339844 0.256598 0.341797 0.249267 0.356445 0.252199 0.362305 0.247801 0.374023 0.247801 0.377930 0.241935 0.393555 0.243402 0.397461 0.234604 0.404297 0.233138 0.418945 0.239003 0.425781 0.233138 0.442383 0.228739 0.458984 0.211144 0.467773 0.214076 0.479492 0.202346 0.484375 0.206745 0.496094 0.200880 0.500000 0.195015
0 0.565430 0.146628 0.546875 0.152493 0.545898 0.156891 0.521484 0.161290 0.516602 0.177419 0.519531 0.181818 0.525391 0.181818 0.544922 0.167155 0.552734 0.168622 0.564453 0.162757