0 0.920898 0.822581 0.913086 0.828446 0.916016 0.818182 0.910156 0.818182 0.912109 0.812317 0.894531 0.831378 0.900391 0.826979 0.906250 0.831378 0.904297 0.835777 0.909180 0.838710
0 0.896484 0.803519 0.888672 0.807918 0.890625 0.812317 0.881836 0.821114 0.879883 0.819648 0.881836 0.815249 0.878906 0.816716 0.880859 0.821114 0.877930 0.825513 0.875000 0.824047 0.876953 0.821114 0.875000 0.818182 0.867188 0.826979 0.872070 0.826979 0.873047 0.831378 0.865234 0.838710 0.883789 0.824047
0 0.887695 0.802053 0.880859 0.804985 0.875000 0.813783
0 0.917969 0.803519 0.915039 0.802053 0.916016 0.797654 0.906250 0.807918
0 0.796875 0.649560 0.789062 0.653959 0.784180 0.665689
0 0.801758 0.598240 0.781250 0.607038 0.777344 0.615836 0.773438 0.615836 0.751953 0.645161 0.749023 0.640762 0.764648 0.623167 0.764648 0.620235 0.760742 0.621701 0.755859 0.629032 0.755859 0.621701 0.762695 0.614370 0.768555 0.614370 0.781250 0.587977 0.771484 0.601173 0.770508 0.598240 0.768555 0.602639 0.765625 0.601173 0.762695 0.609971 0.759766 0.605572 0.762695 0.604106 0.764648 0.590909 0.756836 0.593842 0.745117 0.607038 0.751953 0.605572 0.752930 0.609971 0.748047 0.614370 0.752930 0.615836 0.744141 0.624633 0.749023 0.623167 0.750000 0.627566 0.747070 0.631965 0.750000 0.633431 0.740234 0.645161 0.738281 0.661290 0.742188 0.659824 0.745117 0.651026 0.750000 0.648094 0.750977 0.652493 0.748047 0.661290 0.743164 0.664223 0.744141 0.670088 0.741211 0.673021 0.763672 0.643695 0.765625 0.645161 0.763672 0.651026 0.774414 0.643695 0.768555 0.661290 0.755859 0.681818 0.757812 0.684751 0.761719 0.678886 0.759766 0.675953 0.767578 0.670088 0.771484 0.656891 0.787109 0.639296 0.781250 0.640762 0.781250 0.634897 0.795898 0.627566 0.798828 0.620235 0.795898 0.617302 0.801758 0.611437 0.787109 0.624633 0.784180 0.621701 0.793945 0.612903
0 0.754883 0.582111 0.749023 0.593842 0.731445 0.612903 0.744141 0.604106 0.744141 0.598240 0.750977 0.590909 0.754883 0.590909
0 0.765625 0.563050 0.760742 0.564516 0.756836 0.580645 0.764648 0.571848
0 0.781250 0.558651 0.780273 0.563050 0.769531 0.570381 0.762695 0.585044 0.770508 0.580645 0.780273 0.565982
0 0.572266 0.541056 0.563477 0.551320 0.562500 0.558651 0.567383 0.561584 0.571289 0.554252 0.573242 0.557185 0.563477 0.570381 0.562500 0.577713 0.547852 0.604106 0.575195 0.557185 0.578125 0.561584 0.580078 0.558651 0.574219 0.552786 0.575195 0.546921 0.571289 0.545455
0 0.554688 0.498534 0.547852 0.507331 0.554688 0.502933
0 0.661133 0.470674 0.653320 0.483871 0.656250 0.486804 0.647461 0.494135 0.642578 0.511730 0.639648 0.510264 0.642578 0.500000 0.639648 0.492669 0.634766 0.497067 0.634766 0.489736 0.625977 0.497067 0.619141 0.511730 0.607422 0.523460 0.594727 0.554252 0.603516 0.545455 0.605469 0.548387 0.607422 0.542522 0.609375 0.543988 0.608398 0.554252 0.625000 0.521994 0.623047 0.535191 0.625977 0.530792 0.628906 0.532258 0.625000 0.541056 0.625000 0.554252 0.639648 0.533724 0.637695 0.527859 0.640625 0.521994 0.643555 0.521994 0.643555 0.529326 0.648438 0.521994 0.646484 0.513196 0.655273 0.507331 0.653320 0.497067 0.658203 0.491202 0.656250 0.488270
0 0.626953 0.461877 0.620117 0.466276 0.600586 0.498534 0.582031 0.535191 0.583984 0.542522 0.579102 0.548387 0.583984 0.542522 0.586914 0.543988 0.611328 0.505865
0 0.570312 0.442815 0.562500 0.454545 0.560547 0.453079 0.564453 0.454545
0 0.467773 0.423754 0.459961 0.426686 0.453125 0.442815 0.453125 0.450147 0.461914 0.426686 0.463867 0.432551 0.467773 0.431085
0 0.630859 0.404692 0.625977 0.410557 0.625000 0.417889 0.615234 0.431085 0.613281 0.428152 0.609375 0.436950 0.608398 0.428152 0.605469 0.426686 0.608398 0.422287 0.607422 0.417889 0.593750 0.434018 0.592773 0.441349 0.587891 0.442815 0.587891 0.436950 0.583008 0.445748 0.579102 0.445748 0.578125 0.441349 0.581055 0.436950 0.579102 0.436950 0.571289 0.453079 0.563477 0.460411 0.559570 0.473607 0.568359 0.460411 0.568359 0.467742 0.571289 0.469208 0.568359 0.476540 0.577148 0.467742 0.579102 0.454545 0.582031 0.454545 0.581055 0.460411 0.588867 0.445748 0.593750 0.445748 0.579102 0.470674 0.578125 0.478006 0.560547 0.504399 0.559570 0.510264 0.562500 0.510264 0.562500 0.514663 0.557617 0.517595 0.547852 0.535191 0.552734 0.533724 0.561523 0.516129 0.559570 0.530792 0.562500 0.533724 0.556641 0.543988 0.561523 0.543988 0.562500 0.533724 0.571289 0.533724 0.568359 0.535191 0.567383 0.530792 0.576172 0.511730 0.581055 0.521994 0.592773 0.507331 0.596680 0.494135 0.606445 0.478006 0.608398 0.479472 0.608398 0.473607 0.617188 0.463343 0.615234 0.460411 0.624023 0.445748 0.623047 0.442815 0.617188 0.451613 0.612305 0.450147 0.629883 0.417889 0.626953 0.410557
0 0.614258 0.394428 0.593750 0.426686 0.601562 0.420821
0 0.608398 0.353372 0.583984 0.394428 0.595703 0.379765 0.593750 0.376833
0 0.319336 0.256598 0.315430 0.271261 0.309570 0.274194 0.299805 0.297654 0.301758 0.282991 0.296875 0.293255 0.294922 0.287390 0.290039 0.296188 0.295898 0.269795 0.292969 0.271261 0.292969 0.263930 0.295898 0.259531 0.289062 0.266862 0.287109 0.278592 0.282227 0.282991 0.281250 0.296188 0.278320 0.297654 0.275391 0.313783 0.266602 0.321114 0.260742 0.334311 0.262695 0.337243 0.264648 0.332845 0.265625 0.338710 0.253906 0.360704 0.255859 0.362170 0.252930 0.369501 0.247070 0.372434 0.242188 0.381232 0.241211 0.388563 0.248047 0.378299 0.250000 0.384164 0.234375 0.419355 0.234375 0.425220 0.238281 0.417889 0.242188 0.419355 0.240234 0.435484 0.234375 0.447214 0.234375 0.453079 0.237305 0.445748 0.238281 0.453079 0.218750 0.520528 0.222656 0.514663 0.224609 0.521994 0.227539 0.520528 0.233398 0.507331 0.234375 0.514663 0.237305 0.513196 0.235352 0.521994 0.237305 0.521994 0.240234 0.502933 0.246094 0.491202 0.247070 0.500000 0.241211 0.516129 0.240234 0.533724 0.243164 0.521994 0.245117 0.542522 0.250000 0.541056 0.248047 0.549853 0.250977 0.554252 0.250000 0.563050 0.262695 0.520528 0.267578 0.514663 0.264648 0.511730 0.268555 0.494135 0.277344 0.482405 0.278320 0.488270 0.273438 0.497067 0.271484 0.510264 0.280273 0.482405 0.281250 0.466276 0.295898 0.420821 0.291016 0.420821 0.296875 0.382698 0.295898 0.370968 0.309570 0.328446 0.315430 0.322581 0.314453 0.310850 0.317383 0.307918 0.319336 0.287390 0.321289 0.285924 0.322266 0.290323 0.322266 0.282991 0.327148 0.278592 0.320312 0.282991 0.312500 0.309384 0.312500 0.318182 0.300781 0.347507 0.299805 0.338710 0.305664 0.319648 0.305664 0.306452 0.311523 0.294721
0 0.416016 0.236070 0.409180 0.244868 0.407227 0.240469 0.409180 0.244868 0.407227 0.249267
0 0.501953 0.180352 0.487305 0.209677 0.498047 0.197947 0.501953 0.200880 0.499023 0.197947
0 0.523438 0.197947 0.509766 0.219941 0.505859 0.215543 0.500000 0.230205 0.500000 0.241935 0.493164 0.253666 0.485352 0.259531 0.480469 0.278592 0.473633 0.275660 0.474609 0.271261 0.478516 0.275660 0.480469 0.256598 0.473633 0.268328 0.468750 0.266862 0.461914 0.277126 0.460938 0.272727 0.467773 0.258065 0.464844 0.249267 0.469727 0.237537 0.471680 0.239003 0.469727 0.244868 0.471680 0.243402 0.470703 0.231672 0.476562 0.215543 0.474609 0.217009 0.473633 0.212610 0.478516 0.208211 0.481445 0.197947 0.453125 0.246334 0.452148 0.230205 0.454102 0.225806 0.457031 0.227273 0.456055 0.231672 0.458008 0.230205 0.458984 0.215543 0.464844 0.199413 0.458984 0.209677 0.458008 0.203812 0.461914 0.196481 0.454102 0.211144 0.452148 0.197947 0.455078 0.189150 0.460938 0.184751 0.464844 0.168622 0.447266 0.196481 0.447266 0.186217 0.452148 0.178886 0.449219 0.173021 0.452148 0.167155 0.451172 0.159824 0.440430 0.195015 0.429688 0.212610 0.439453 0.205279 0.437500 0.219941 0.421875 0.253666 0.432617 0.231672 0.435547 0.234604 0.431641 0.241935 0.438477 0.230205 0.441406 0.231672 0.441406 0.241935 0.438477 0.243402 0.437500 0.252199 0.431641 0.259531 0.429688 0.268328 0.424805 0.269795 0.423828 0.281525 0.419922 0.269795 0.418945 0.275660 0.406250 0.293255 0.410156 0.299120 0.393555 0.325513 0.397461 0.324047 0.397461 0.331378 0.389648 0.347507 0.384766 0.348974 0.378906 0.366569 0.379883 0.369501 0.380859 0.362170 0.390625 0.347507 0.390625 0.359238 0.384766 0.363636 0.387695 0.369501 0.382812 0.372434 0.375977 0.388563 0.384766 0.370968 0.384766 0.379765 0.393555 0.370968 0.393555 0.378299 0.385742 0.394428 0.387695 0.398827 0.389648 0.394428 0.390625 0.401760 0.397461 0.390029 0.400391 0.401760 0.397461 0.413490 0.395508 0.410557 0.394531 0.413490 0.396484 0.417889 0.403320 0.414956 0.382812 0.463343 0.390625 0.448680 0.393555 0.450147 0.390625 0.463343 0.400391 0.445748 0.405273 0.444282 0.416992 0.417889 0.420898 0.417889 0.421875 0.422287 0.414062 0.439883 0.420898 0.439883 0.421875 0.445748 0.435547 0.417889 0.440430 0.422287 0.446289 0.413490 0.447266 0.417889 0.444336 0.422287 0.447266 0.422287 0.446289 0.431085 0.453125 0.426686 0.447266 0.434018 0.449219 0.435484 0.469727 0.403226 0.471680 0.404692 0.469727 0.413490 0.471680 0.413490 0.478516 0.390029 0.483398 0.382698 0.484375 0.363636 0.497070 0.343109 0.494141 0.338710 0.494141 0.346041 0.484375 0.357771 0.480469 0.372434 0.473633 0.369501 0.481445 0.359238 0.481445 0.356305 0.475586 0.356305 0.462891 0.384164 0.458008 0.382698 0.471680 0.338710 0.467773 0.337243 0.470703 0.328446 0.465820 0.328446 0.471680 0.304985 0.468750 0.306452 0.467773 0.313783 0.462891 0.312317 0.460938 0.300587 0.462891 0.290323 0.471680 0.277126 0.476562 0.278592 0.477539 0.284457 0.468750 0.302053 0.476562 0.302053 0.483398 0.294721 0.491211 0.275660 0.497070 0.272727 0.498047 0.277126 0.491211 0.281525 0.491211 0.288856 0.487305 0.293255 0.490234 0.297654 0.487305 0.303519 0.493164 0.300587 0.500000 0.280059 0.504883 0.277126 0.512695 0.262463 0.517578 0.260997 0.514648 0.258065 0.515625 0.246334 0.530273 0.225806 0.529297 0.222874 0.522461 0.230205 0.523438 0.222874 0.514648 0.228739 0.517578 0.214076 0.515625 0.209677