0 0.918945 0.991202 0.918945 0.995601 0.923828 0.995601
0 0.916992 0.969208 0.916992 0.976540 0.920898 0.979472 0.920898 0.973607
0 0.910156 0.966276 0.910156 0.970674 0.915039 0.970674
0 0.911133 0.948680 0.906250 0.948680 0.907227 0.960411 0.908203 0.954545 0.912109 0.953079
0 0.732422 0.901760 0.729492 0.914956 0.734375 0.919355 0.732422 0.931085 0.734375 0.953079 0.738281 0.960411 0.742188 0.960411 0.739258 0.926686 0.734375 0.923754 0.736328 0.912023 0.740234 0.913490 0.740234 0.907625 0.735352 0.907625
0 0.881836 0.816716 0.884766 0.831378 0.880859 0.831378 0.885742 0.848974 0.884766 0.862170 0.890625 0.878299 0.888672 0.887097 0.893555 0.891496 0.890625 0.897361 0.891602 0.906158 0.896484 0.914956 0.897461 0.928152 0.906250 0.941349 0.909180 0.936950 0.908203 0.920821 0.902344 0.910557 0.902344 0.892962 0.897461 0.887097 0.899414 0.878299 0.895508 0.868035 0.896484 0.860704 0.893555 0.859238 0.893555 0.863636 0.890625 0.863636 0.893555 0.851906 0.889648 0.848974 0.889648 0.832845
0 0.639648 0.788856 0.638672 0.797654 0.641602 0.803519 0.639648 0.809384 0.635742 0.807918 0.634766 0.797654 0.631836 0.797654 0.635742 0.824047 0.639648 0.824047 0.639648 0.816716 0.645508 0.810850 0.645508 0.797654
0 0.840820 0.756598 0.838867 0.765396 0.841797 0.771261 0.841797 0.788856 0.833984 0.797654 0.833984 0.803519 0.843750 0.815249 0.843750 0.838710 0.837891 0.846041 0.838867 0.862170 0.840820 0.866569 0.845703 0.866569 0.850586 0.879765 0.850586 0.890029 0.846680 0.897361 0.847656 0.904692 0.852539 0.906158 0.854492 0.897361 0.859375 0.897361 0.859375 0.906158 0.856445 0.907625 0.857422 0.920821 0.865234 0.934018 0.863281 0.941349 0.859375 0.942815 0.860352 0.961877 0.866211 0.961877 0.865234 0.975073 0.875000 0.976540 0.886719 0.995601 0.884766 0.989736 0.889648 0.988270 0.892578 0.980938 0.889648 0.976540 0.889648 0.961877 0.887695 0.954545 0.883789 0.953079 0.884766 0.938416 0.876953 0.920821 0.877930 0.907625 0.875000 0.906158 0.874023 0.897361 0.869141 0.894428 0.871094 0.879765 0.862305 0.862170 0.864258 0.854839 0.861328 0.837243 0.858398 0.835777 0.858398 0.821114 0.846680 0.778592 0.846680 0.768328
0 0.831055 0.700880 0.829102 0.703812 0.831055 0.714076 0.825195 0.725806 0.837891 0.744868 0.840820 0.741935 0.833984 0.703812
0 0.525391 0.684751 0.518555 0.697947 0.523438 0.697947 0.528320 0.708211 0.531250 0.686217 0.529297 0.684751 0.528320 0.690616
0 0.530273 0.675953 0.526367 0.675953 0.526367 0.680352
0 0.530273 0.611437 0.522461 0.621701 0.528320 0.665689 0.530273 0.661290 0.527344 0.652493 0.530273 0.651026 0.531250 0.637830
0 0.528320 0.590909 0.526367 0.596774 0.530273 0.601173 0.530273 0.590909
0 0.442383 0.570381 0.438477 0.570381 0.440430 0.589443 0.445312 0.582111
0 0.687500 0.555718 0.682617 0.560117 0.677734 0.582111 0.682617 0.593842 0.681641 0.608504 0.684570 0.611437 0.684570 0.615836 0.678711 0.620235 0.680664 0.633431 0.678711 0.651026 0.681641 0.653959 0.681641 0.673021 0.684570 0.675953 0.680664 0.690616 0.682617 0.719941 0.687500 0.728739 0.687500 0.750733 0.690430 0.756598 0.687500 0.765396 0.693359 0.781525 0.691406 0.785924 0.693359 0.802053 0.696289 0.803519 0.697266 0.812317 0.703125 0.813783 0.698242 0.818182 0.701172 0.825513 0.698242 0.828446 0.698242 0.835777 0.706055 0.854839 0.704102 0.859238 0.713867 0.894428 0.716797 0.890029 0.721680 0.891496 0.725586 0.882698 0.728516 0.882698 0.731445 0.887097 0.728516 0.888563 0.728516 0.895894 0.733398 0.895894 0.733398 0.841642 0.731445 0.828446 0.725586 0.837243 0.723633 0.826979 0.724609 0.818182 0.728516 0.815249 0.728516 0.804985 0.723633 0.793255 0.727539 0.788856 0.724609 0.784457 0.724609 0.774194 0.718750 0.775660 0.715820 0.768328 0.720703 0.759531 0.717773 0.755132 0.720703 0.749267 0.718750 0.734604 0.708984 0.719941 0.710938 0.717009 0.708984 0.709677 0.711914 0.708211 0.710938 0.684751 0.708008 0.675953 0.703125 0.674487 0.705078 0.668622 0.700195 0.667155 0.702148 0.652493 0.697266 0.646628 0.702148 0.639296 0.696289 0.627566 0.697266 0.623167 0.702148 0.627566 0.702148 0.596774 0.700195 0.593842 0.696289 0.599707 0.696289 0.592375 0.693359 0.589443 0.693359 0.583578 0.697266 0.580645 0.696289 0.564516
0 0.447266 0.549853 0.444336 0.549853 0.441406 0.558651 0.445312 0.558651
0 0.536133 0.527859 0.534180 0.533724 0.537109 0.539589 0.534180 0.541056 0.531250 0.535191 0.528320 0.558651 0.531250 0.564516 0.531250 0.577713 0.534180 0.573314 0.533203 0.564516 0.539062 0.554252 0.537109 0.551320 0.540039 0.536657
0 0.619141 0.450147 0.615234 0.456012 0.610352 0.456012 0.612305 0.461877 0.609375 0.470674 0.610352 0.483871 0.604492 0.494135 0.604492 0.507331 0.609375 0.513196 0.609375 0.520528 0.603516 0.523460 0.604492 0.539589 0.609375 0.543988 0.604492 0.568915 0.610352 0.598240 0.609375 0.636364 0.612305 0.648094 0.610352 0.659824 0.616211 0.668622 0.610352 0.693548 0.616211 0.711144 0.616211 0.719941 0.620117 0.722874 0.622070 0.736070 0.625000 0.739003 0.622070 0.749267 0.624023 0.750733 0.632812 0.736070 0.638672 0.755132 0.634766 0.758065 0.632812 0.746334 0.628906 0.747801 0.623047 0.766862 0.625000 0.778592 0.633789 0.787390 0.632812 0.771261 0.634766 0.768328 0.638672 0.771261 0.639648 0.782991 0.646484 0.760997 0.643555 0.744868 0.637695 0.737537 0.636719 0.728739 0.639648 0.724340 0.634766 0.718475 0.637695 0.709677 0.636719 0.700880 0.639648 0.696481 0.636719 0.681818 0.642578 0.678886 0.642578 0.656891 0.634766 0.651026 0.632812 0.631965 0.639648 0.620235 0.639648 0.590909 0.637695 0.583578 0.632812 0.580645 0.636719 0.573314 0.632812 0.567449 0.632812 0.554252 0.637695 0.543988 0.637695 0.497067 0.627930 0.482405 0.630859 0.476540 0.626953 0.464809 0.630859 0.460411 0.629883 0.451613 0.625977 0.450147 0.623047 0.457478
0 0.632812 0.404692 0.619141 0.403226 0.615234 0.409091 0.609375 0.404692 0.606445 0.410557 0.607422 0.431085 0.612305 0.434018 0.613281 0.448680 0.617188 0.448680 0.618164 0.441349 0.620117 0.444282 0.625000 0.441349 0.625977 0.425220 0.632812 0.435484 0.634766 0.420821
0 0.508789 0.403226 0.500977 0.414956 0.500000 0.439883 0.502930 0.445748 0.509766 0.435484 0.515625 0.441349 0.510742 0.445748 0.510742 0.454545 0.506836 0.456012 0.506836 0.473607 0.500977 0.485337 0.500977 0.521994 0.498047 0.541056 0.500000 0.552786 0.495117 0.558651 0.494141 0.567449 0.495117 0.577713 0.500000 0.582111 0.497070 0.601173 0.491211 0.598240 0.491211 0.605572 0.497070 0.604106 0.498047 0.608504 0.496094 0.614370 0.490234 0.617302 0.490234 0.629032 0.493164 0.630499 0.491211 0.637830 0.498047 0.648094 0.494141 0.652493 0.494141 0.662757 0.488281 0.661290 0.485352 0.668622 0.488281 0.684751 0.493164 0.687683 0.491211 0.695015 0.493164 0.699413 0.488281 0.714076 0.490234 0.727273 0.495117 0.727273 0.491211 0.743402 0.494141 0.746334 0.495117 0.741935 0.499023 0.741935 0.500000 0.753666 0.501953 0.753666 0.500000 0.746334 0.505859 0.741935 0.504883 0.728739 0.507812 0.714076 0.504883 0.699413 0.509766 0.696481 0.510742 0.702346 0.512695 0.699413 0.505859 0.683284 0.507812 0.664223 0.504883 0.659824 0.505859 0.630499 0.508789 0.623167 0.505859 0.609971 0.511719 0.601173 0.509766 0.587977 0.505859 0.583578 0.511719 0.577713 0.509766 0.567449 0.514648 0.561584 0.514648 0.546921 0.518555 0.546921 0.518555 0.561584 0.523438 0.552786 0.523438 0.541056 0.520508 0.535191 0.524414 0.530792 0.527344 0.508798 0.521484 0.508798 0.520508 0.502933 0.528320 0.500000 0.531250 0.479472 0.530273 0.466276 0.527344 0.464809 0.527344 0.456012 0.530273 0.453079 0.527344 0.442815 0.524414 0.441349 0.524414 0.454545 0.521484 0.456012 0.514648 0.432551 0.508789 0.429619 0.508789 0.423754 0.512695 0.420821
0 0.526367 0.391496 0.524414 0.400293 0.516602 0.404692 0.516602 0.412023 0.522461 0.407625 0.525391 0.410557 0.522461 0.431085 0.525391 0.431085 0.525391 0.422287 0.528320 0.420821 0.529297 0.431085 0.526367 0.435484 0.530273 0.439883 0.533203 0.423754 0.530273 0.420821 0.528320 0.401760 0.530273 0.394428
0 0.358398 0.391496 0.347656 0.414956 0.350586 0.429619 0.356445 0.425220
0 0.523438 0.394428 0.518555 0.390029 0.515625 0.397361
0 0.176758 0.259531 0.171875 0.266862 0.174805 0.272727 0.179688 0.266862
0 0.196289 0.225806 0.191406 0.231672 0.193359 0.234604 0.191406 0.244868 0.197266 0.237537
0 0.208008 0.202346 0.204102 0.203812 0.200195 0.215543 0.208008 0.209677
0 0.196289 0.199413 0.187500 0.221408 0.192383 0.219941 0.192383 0.212610 0.197266 0.205279
0 0.481445 0.192082 0.473633 0.208211 0.468750 0.206745 0.463867 0.212610 0.461914 0.233138 0.463867 0.239003 0.468750 0.236070 0.468750 0.244868 0.465820 0.253666 0.461914 0.252199 0.461914 0.244868 0.454102 0.266862 0.454102 0.277126 0.448242 0.287390 0.447266 0.337243 0.443359 0.343109 0.437500 0.420821 0.429688 0.428152 0.429688 0.454545 0.431641 0.456012 0.427734 0.470674 0.429688 0.491202 0.421875 0.508798 0.421875 0.520528 0.425781 0.523460 0.425781 0.533724 0.421875 0.543988 0.422852 0.554252 0.427734 0.568915 0.427734 0.576246 0.422852 0.579179 0.422852 0.586510 0.427734 0.592375 0.422852 0.602639 0.425781 0.612903 0.431641 0.608504 0.430664 0.596774 0.433594 0.592375 0.433594 0.587977 0.427734 0.582111 0.430664 0.577713 0.430664 0.568915 0.427734 0.567449 0.436523 0.567449 0.433594 0.555718 0.439453 0.552786 0.440430 0.545455 0.443359 0.543988 0.439453 0.535191 0.446289 0.535191 0.449219 0.530792 0.455078 0.501466 0.450195 0.476540 0.452148 0.445748 0.460938 0.439883 0.458984 0.431085 0.460938 0.419355 0.456055 0.412023 0.460938 0.400293 0.455078 0.394428 0.458984 0.392962 0.461914 0.384164 0.458984 0.363636 0.467773 0.354839 0.462891 0.340176 0.473633 0.324047 0.471680 0.319648 0.473633 0.302053 0.467773 0.299120 0.467773 0.281525 0.471680 0.277126 0.467773 0.258065 0.471680 0.252199 0.475586 0.258065 0.478516 0.256598 0.478516 0.246334 0.471680 0.239003 0.472656 0.231672 0.477539 0.228739 0.479492 0.237537 0.483398 0.237537 0.484375 0.206745
0 0.195312 0.192082 0.195312 0.196481 0.199219 0.195015
0 0.474609 0.184751 0.469727 0.186217 0.469727 0.192082 0.473633 0.190616
0 0.210938 0.184751 0.209961 0.190616 0.212891 0.190616
0 0.181641 0.165689 0.180664 0.173021 0.186523 0.173021 0.187500 0.177419 0.192383 0.174487 0.192383 0.164223
0 0.478516 0.152493 0.475586 0.152493 0.475586 0.164223 0.471680 0.168622 0.474609 0.174487 0.480469 0.164223
0 0.386719 0.149560 0.373047 0.156891 0.366211 0.173021 0.365234 0.186217 0.360352 0.187683 0.351562 0.211144 0.349609 0.233138 0.354492 0.240469 0.353516 0.253666 0.349609 0.256598 0.347656 0.272727 0.341797 0.282991 0.338867 0.300587 0.340820 0.322581 0.334961 0.328446 0.328125 0.351906 0.332031 0.370968 0.329102 0.372434 0.326172 0.366569 0.323242 0.372434 0.323242 0.392962 0.320312 0.394428 0.320312 0.401760 0.316406 0.409091 0.323242 0.429619 0.327148 0.426686 0.328125 0.409091 0.333008 0.406158 0.331055 0.390029 0.333984 0.385630 0.331055 0.376833 0.334961 0.375367 0.337891 0.379765 0.335938 0.391496 0.337891 0.394428 0.340820 0.388563 0.340820 0.372434 0.337891 0.366569 0.342773 0.362170 0.348633 0.369501 0.351562 0.360704 0.358398 0.360704 0.356445 0.338710 0.362305 0.348974 0.360352 0.359238 0.363281 0.362170 0.363281 0.369501 0.359375 0.372434 0.359375 0.384164 0.365234 0.373900 0.365234 0.360704 0.372070 0.335777 0.372070 0.328446 0.367188 0.332845 0.366211 0.324047 0.374023 0.324047 0.374023 0.313783 0.369141 0.306452 0.374023 0.299120 0.374023 0.281525 0.379883 0.284457 0.379883 0.274194 0.387695 0.262463 0.386719 0.253666 0.389648 0.249267 0.387695 0.221408 0.392578 0.224340 0.399414 0.206745 0.397461 0.196481 0.402344 0.186217 0.400391 0.180352 0.403320 0.177419 0.400391 0.173021 0.402344 0.168622 0.400391 0.161290 0.394531 0.170088 0.394531 0.177419 0.390625 0.178886 0.388672 0.202346 0.385742 0.206745 0.387695 0.219941 0.382812 0.222874 0.382812 0.231672 0.370117 0.255132 0.375000 0.259531 0.375000 0.266862 0.363281 0.281525 0.365234 0.284457 0.368164 0.281525 0.370117 0.291789 0.363281 0.291789 0.359375 0.300587 0.356445 0.291789 0.361328 0.275660 0.359375 0.268328 0.368164 0.249267 0.366211 0.241935 0.368164 0.230205 0.372070 0.228739 0.375000 0.209677 0.379883 0.208211 0.379883 0.193548 0.386719 0.186217 0.381836 0.183284 0.386719 0.167155 0.384766 0.159824
0 0.205078 0.117302 0.197266 0.118768 0.194336 0.130499 0.187500 0.140762 0.188477 0.159824 0.197266 0.149560 0.193359 0.142229 0.200195 0.134897
0 0.264648 0.024927 0.257812 0.023460 0.252930 0.029326 0.255859 0.036657 0.250977 0.038123 0.250000 0.057185 0.244141 0.058651 0.244141 0.070381 0.229492 0.093842 0.231445 0.104106 0.219727 0.121701 0.216797 0.131965 0.218750 0.143695 0.210938 0.152493 0.210938 0.158358 0.214844 0.158358 0.215820 0.153959 0.218750 0.159824 0.210938 0.165689 0.207031 0.173021 0.208984 0.177419 0.217773 0.173021 0.220703 0.167155 0.218750 0.161290 0.221680 0.158358 0.221680 0.151026 0.227539 0.145161 0.225586 0.137830 0.230469 0.123167 0.233398 0.120235 0.236328 0.130499 0.239258 0.117302 0.243164 0.115836 0.244141 0.099707 0.241211 0.095308 0.247070 0.092375 0.250000 0.083578 0.248047 0.079179 0.243164 0.087977 0.243164 0.071848 0.250000 0.064516 0.254883 0.065982 0.256836 0.051320 0.262695 0.049853
0 0.234375 0.011730 0.226562 0.016129 0.221680 0.030792 0.216797 0.033724 0.203125 0.058651 0.203125 0.070381 0.195312 0.082111 0.197266 0.112903 0.203125 0.104106 0.209961 0.101173 0.218750 0.085044 0.220703 0.071848 0.228516 0.064516 0.228516 0.052786 0.239258 0.042522 0.244141 0.030792 0.244141 0.023460 0.237305 0.026393
0 0.369141 0.000000 0.365234 0.004399 0.359375 0.000000 0.359375 0.008798 0.349609 0.032258 0.350586 0.041056 0.341797 0.048387 0.340820 0.060117 0.337891 0.063050 0.341797 0.083578 0.334961 0.086510 0.335938 0.093842 0.333008 0.099707 0.329102 0.090909 0.325195 0.102639 0.326172 0.115836 0.320312 0.118768 0.319336 0.130499 0.312500 0.140762 0.310547 0.155425 0.312500 0.162757 0.297852 0.202346 0.296875 0.237537 0.284180 0.258065 0.281250 0.268328 0.281250 0.303519 0.284180 0.306452 0.279297 0.332845 0.281250 0.350440 0.290039 0.346041 0.290039 0.338710 0.293945 0.332845 0.292969 0.319648 0.298828 0.315249 0.298828 0.304985 0.305664 0.299120 0.305664 0.281525 0.317383 0.268328 0.319336 0.246334 0.312500 0.240469 0.316406 0.231672 0.322266 0.230205 0.319336 0.218475 0.322266 0.206745 0.319336 0.199413 0.324219 0.195015 0.326172 0.206745 0.333008 0.205279 0.333984 0.187683 0.336914 0.184751 0.333984 0.168622 0.338867 0.155425 0.341797 0.158358 0.345703 0.155425 0.348633 0.136364 0.343750 0.131965 0.345703 0.123167 0.341797 0.123167 0.340820 0.118768 0.343750 0.115836 0.348633 0.120235 0.358398 0.111437 0.358398 0.099707 0.364258 0.089443 0.366211 0.071848 0.359375 0.071848 0.356445 0.057185 0.361328 0.054252 0.361328 0.048387 0.366211 0.041056 0.374023 0.041056 0.374023 0.033724 0.370117 0.032258 0.369141 0.023460 0.366211 0.021994
0 0.229492 0.008798 0.236328 0.000000 0.229492 0.000000