0 0.619141 0.910557 0.618164 0.913490 0.624023 0.919355 0.625000 0.914956
0 0.644531 0.895894 0.647461 0.900293 0.652344 0.895894 0.649414 0.892962
0 0.675781 0.846041 0.672852 0.853372 0.676758 0.857771
0 0.684570 0.841642 0.680664 0.853372 0.686523 0.844575
0 0.693359 0.826979 0.687500 0.828446 0.687500 0.834311 0.692383 0.834311
0 0.727539 0.825513 0.722656 0.828446 0.721680 0.835777 0.727539 0.829912
0 0.396484 0.803519 0.391602 0.812317 0.395508 0.812317
0 0.739258 0.803519 0.735352 0.803519 0.734375 0.810850
0 0.417969 0.793255 0.414062 0.794721 0.413086 0.803519 0.417969 0.802053
0 0.165039 0.788856 0.159180 0.797654 0.164062 0.796188
0 0.205078 0.784457 0.203125 0.781525 0.202148 0.785924 0.198242 0.785924 0.197266 0.791789
0 0.430664 0.762463 0.425781 0.766862 0.425781 0.774194 0.428711 0.766862 0.431641 0.766862
0 0.703125 0.743402 0.696289 0.746334 0.698242 0.753666
0 0.415039 0.721408 0.412109 0.724340 0.412109 0.733138 0.415039 0.731672
0 0.452148 0.719941 0.447266 0.721408 0.446289 0.725806
0 0.736328 0.709677 0.731445 0.719941 0.736328 0.718475
0 0.205078 0.705279 0.201172 0.711144 0.203125 0.714076 0.200195 0.722874 0.202148 0.722874
0 0.744141 0.703812 0.744141 0.709677 0.749023 0.706745
0 0.186523 0.697947 0.181641 0.705279 0.184570 0.725806 0.187500 0.719941
0 0.196289 0.692082 0.193359 0.692082 0.194336 0.702346
0 0.436523 0.686217 0.431641 0.696481 0.437500 0.689150
0 0.507812 0.684751 0.502930 0.687683 0.500977 0.697947 0.507812 0.690616
0 0.468750 0.681818 0.463867 0.687683 0.465820 0.693548
0 0.241211 0.668622 0.235352 0.681818 0.235352 0.689150 0.239258 0.684751
0 0.762695 0.668622 0.756836 0.664223 0.750977 0.674487 0.755859 0.675953
0 0.458008 0.656891 0.454102 0.661290 0.456055 0.665689 0.458984 0.662757
0 0.217773 0.652493 0.212891 0.656891 0.212891 0.670088
0 0.439453 0.648094 0.432617 0.656891 0.432617 0.670088 0.436523 0.667155 0.434570 0.658358 0.437500 0.652493 0.440430 0.653959 0.440430 0.661290 0.443359 0.659824 0.443359 0.652493
0 0.755859 0.639296 0.750000 0.648094 0.754883 0.646628
0 0.447266 0.630499 0.444336 0.636364 0.449219 0.643695 0.452148 0.634897
0 0.217773 0.629032 0.213867 0.626100 0.210938 0.636364 0.217773 0.633431
0 0.483398 0.615836 0.477539 0.620235 0.478516 0.627566 0.483398 0.624633
0 0.196289 0.607038 0.191406 0.611437 0.188477 0.624633 0.196289 0.618768
0 0.777344 0.598240 0.774414 0.601173 0.768555 0.598240 0.765625 0.602639 0.768555 0.605572 0.765625 0.612903 0.767578 0.614370 0.772461 0.605572 0.774414 0.608504
0 0.839844 0.592375 0.835938 0.593842 0.834961 0.601173
0 0.534180 0.592375 0.528320 0.604106 0.531250 0.604106
0 0.278320 0.592375 0.273438 0.598240 0.272461 0.605572 0.275391 0.604106
0 0.492188 0.583578 0.490234 0.583578 0.491211 0.595308 0.484375 0.604106 0.492188 0.599707 0.494141 0.592375
0 0.236328 0.583578 0.231445 0.592375 0.232422 0.599707 0.234375 0.592375 0.239258 0.589443
0 0.808594 0.582111 0.803711 0.582111 0.802734 0.589443
0 0.288086 0.582111 0.285156 0.582111 0.285156 0.589443
0 0.264648 0.582111 0.257812 0.596774 0.261719 0.596774
0 0.217773 0.582111 0.213867 0.582111 0.213867 0.589443 0.217773 0.586510
0 0.460938 0.579179 0.457031 0.582111 0.458008 0.590909 0.448242 0.587977 0.447266 0.604106 0.453125 0.599707 0.454102 0.592375 0.457031 0.596774 0.460938 0.592375 0.458984 0.590909
0 0.211914 0.574780 0.204102 0.587977 0.206055 0.595308 0.208984 0.595308 0.206055 0.583578 0.211914 0.580645
0 0.541016 0.564516 0.534180 0.585044 0.542969 0.567449
0 0.511719 0.564516 0.505859 0.570381 0.505859 0.576246 0.511719 0.571848
0 0.284180 0.564516 0.276367 0.579179 0.279297 0.585044
0 0.844727 0.558651 0.843750 0.568915 0.848633 0.567449 0.850586 0.560117
0 0.295898 0.558651 0.291992 0.560117 0.291992 0.565982
0 0.225586 0.558651 0.221680 0.560117 0.222656 0.567449
0 0.027344 0.554252 0.022461 0.563050 0.021484 0.580645 0.024414 0.577713 0.023438 0.567449
0 0.485352 0.549853 0.489258 0.552786 0.496094 0.543988 0.488281 0.546921 0.487305 0.541056
0 0.206055 0.535191 0.203125 0.536657 0.204102 0.548387 0.208984 0.538123
0 0.494141 0.532258 0.495117 0.539589 0.499023 0.538123 0.499023 0.532258
0 0.458008 0.532258 0.454102 0.538123 0.458008 0.538123
0 0.515625 0.527859 0.508789 0.532258 0.505859 0.543988 0.508789 0.543988 0.508789 0.536657
0 0.267578 0.527859 0.263672 0.527859 0.259766 0.538123 0.262695 0.539589
0 0.249023 0.517595 0.245117 0.516129 0.242188 0.524927 0.246094 0.524927
0 0.489258 0.511730 0.484375 0.516129 0.484375 0.521994 0.487305 0.520528
0 0.218750 0.501466 0.213867 0.511730 0.215820 0.513196 0.213867 0.519062 0.216797 0.510264 0.219727 0.513196 0.218750 0.524927 0.223633 0.520528 0.225586 0.510264 0.222656 0.507331 0.219727 0.511730
0 0.546875 0.488270 0.541992 0.489736 0.543945 0.497067 0.538086 0.501466 0.542969 0.500000
0 0.246094 0.485337 0.241211 0.489736 0.245117 0.492669 0.244141 0.502933 0.250000 0.500000
0 0.520508 0.483871 0.515625 0.480938 0.511719 0.488270 0.509766 0.485337 0.503906 0.489736 0.509766 0.502933 0.502930 0.508798 0.500000 0.501466 0.500000 0.510264 0.507812 0.510264 0.512695 0.500000 0.511719 0.489736 0.520508 0.488270
0 0.256836 0.478006 0.250977 0.480938 0.255859 0.491202 0.258789 0.488270
0 0.045898 0.469208 0.041992 0.473607 0.041992 0.479472
0 0.257812 0.456012 0.262695 0.460411 0.261719 0.454545
0 0.321289 0.450147 0.313477 0.463343 0.318359 0.460411
0 0.267578 0.447214 0.263672 0.447214 0.265625 0.454545
0 0.288086 0.428152 0.284180 0.428152 0.285156 0.439883 0.290039 0.432551
0 0.288086 0.419355 0.288086 0.425220 0.293945 0.429619 0.295898 0.419355
0 0.564453 0.414956 0.560547 0.419355 0.560547 0.426686 0.565430 0.420821
0 0.554688 0.403226 0.552734 0.400293 0.547852 0.404692 0.546875 0.412023
0 0.317383 0.400293 0.310547 0.407625 0.309570 0.413490
0 0.536133 0.395894 0.532227 0.395894 0.532227 0.407625 0.537109 0.401760
0 0.265625 0.391496 0.262695 0.394428 0.263672 0.398827 0.267578 0.394428
0 0.337891 0.387097 0.329102 0.407625 0.333008 0.407625
0 0.545898 0.379765 0.540039 0.387097 0.541992 0.392962 0.545898 0.388563
0 0.291992 0.376833 0.291992 0.384164 0.293945 0.384164 0.293945 0.376833
0 0.349609 0.375367 0.344727 0.382698 0.348633 0.382698
0 0.589844 0.363636 0.584961 0.363636 0.582031 0.370968 0.586914 0.370968
0 0.296875 0.360704 0.302734 0.370968 0.303711 0.363636 0.302734 0.366569
0 0.575195 0.348974 0.573242 0.359238 0.577148 0.356305
0 0.312500 0.340176 0.314453 0.347507 0.315430 0.340176
0 0.303711 0.340176 0.300781 0.347507 0.309570 0.359238 0.312500 0.353372 0.309570 0.356305 0.309570 0.344575
0 0.584961 0.338710 0.582031 0.346041 0.586914 0.347507 0.587891 0.343109
0 0.056641 0.337243 0.053711 0.338710 0.052734 0.350440 0.058594 0.341642
0 0.601562 0.332845 0.597656 0.334311 0.593750 0.344575 0.596680 0.350440 0.599609 0.347507 0.596680 0.347507 0.597656 0.343109 0.605469 0.341642
0 0.282227 0.328446 0.281250 0.332845 0.284180 0.335777 0.284180 0.328446
0 0.295898 0.315249 0.288086 0.321114 0.291016 0.324047 0.288086 0.331378 0.292969 0.326979
0 0.288086 0.309384 0.282227 0.318182 0.286133 0.319648
0 0.372070 0.304985 0.365234 0.316716 0.367188 0.322581 0.371094 0.318182 0.369141 0.313783 0.374023 0.309384
0 0.325195 0.303519 0.322266 0.322581 0.327148 0.313783
0 0.319336 0.303519 0.313477 0.313783 0.315430 0.319648 0.314453 0.313783
0 0.583984 0.277126 0.582031 0.280059 0.585938 0.280059 0.586914 0.285924 0.582031 0.291789 0.585938 0.294721 0.590820 0.281525
0 0.342773 0.269795 0.334961 0.280059 0.339844 0.277126 0.340820 0.281525
0 0.653320 0.266862 0.647461 0.269795 0.647461 0.275660
0 0.632812 0.266862 0.630859 0.263930 0.623047 0.268328 0.623047 0.272727 0.629883 0.275660
0 0.591797 0.259531 0.593750 0.268328 0.601562 0.266862 0.598633 0.259531 0.596680 0.262463
0 0.597656 0.246334 0.597656 0.252199 0.605469 0.260997 0.606445 0.255132 0.602539 0.255132 0.601562 0.246334
0 0.078125 0.246334 0.072266 0.244868 0.069336 0.253666 0.075195 0.244868 0.077148 0.255132
0 0.359375 0.240469 0.354492 0.252199 0.358398 0.252199
0 0.302734 0.240469 0.299805 0.246334 0.300781 0.253666 0.305664 0.249267
0 0.580078 0.239003 0.578125 0.247801 0.581055 0.243402
0 0.109375 0.239003 0.104492 0.256598 0.108398 0.255132
0 0.105469 0.239003 0.100586 0.243402 0.100586 0.249267
0 0.328125 0.240469 0.329102 0.247801 0.333008 0.247801 0.333984 0.243402 0.339844 0.247801 0.337891 0.239003 0.333984 0.240469 0.332031 0.236070
0 0.376953 0.233138 0.373047 0.236070 0.372070 0.244868 0.366211 0.244868 0.363281 0.258065 0.368164 0.255132
0 0.629883 0.233138 0.625977 0.231672 0.623047 0.239003
0 0.304688 0.231672 0.311523 0.234604 0.309570 0.230205
0 0.570312 0.219941 0.565430 0.221408 0.566406 0.228739
0 0.356445 0.215543 0.351562 0.217009 0.350586 0.228739
0 0.284180 0.215543 0.281250 0.215543 0.281250 0.224340
0 0.613281 0.211144 0.612305 0.218475 0.617188 0.218475 0.619141 0.212610
0 0.658203 0.209677 0.654297 0.208211 0.651367 0.218475
0 0.117188 0.203812 0.109375 0.217009 0.109375 0.224340 0.114258 0.211144 0.118164 0.209677
0 0.075195 0.202346 0.072266 0.208211 0.073242 0.214076 0.077148 0.209677
0 0.636719 0.192082 0.631836 0.197947 0.634766 0.202346
0 0.086914 0.183284 0.082031 0.184751 0.082031 0.195015 0.085938 0.192082
0 0.626953 0.180352 0.623047 0.180352 0.619141 0.187683 0.624023 0.190616
0 0.340820 0.178886 0.332031 0.184751 0.337891 0.193548 0.334961 0.197947 0.342773 0.190616
0 0.078125 0.175953 0.076172 0.184751 0.080078 0.184751
0 0.109375 0.170088 0.104492 0.175953 0.106445 0.183284
0 0.661133 0.168622 0.657227 0.170088 0.659180 0.181818 0.664062 0.174487
0 0.127930 0.161290 0.120117 0.173021 0.120117 0.177419 0.123047 0.171554 0.125000 0.173021 0.125000 0.178886 0.120117 0.183284 0.122070 0.184751 0.130859 0.171554
0 0.059570 0.161290 0.053711 0.170088 0.055664 0.177419 0.057617 0.171554 0.061523 0.171554
0 0.355469 0.161290 0.351562 0.159824 0.350586 0.164223 0.347656 0.161290 0.347656 0.168622 0.350586 0.171554 0.355469 0.167155
0 0.087891 0.156891 0.083984 0.164223 0.087891 0.164223 0.089844 0.171554 0.092773 0.164223
0 0.342773 0.152493 0.337891 0.156891 0.338867 0.162757 0.342773 0.162757
0 0.321289 0.149560 0.316406 0.155425 0.315430 0.162757 0.321289 0.159824
0 0.648438 0.140762 0.644531 0.140762 0.647461 0.145161 0.645508 0.151026 0.641602 0.146628 0.644531 0.153959 0.650391 0.148094
0 0.356445 0.140762 0.356445 0.148094 0.359375 0.151026 0.364258 0.145161 0.364258 0.140762 0.361328 0.145161
0 0.293945 0.140762 0.298828 0.143695 0.298828 0.140762
0 0.134766 0.127566 0.128906 0.137830 0.131836 0.143695 0.136719 0.140762
0 0.105469 0.123167 0.100586 0.126100 0.102539 0.130499 0.097656 0.136364 0.099609 0.139296 0.105469 0.130499
0 0.420898 0.123167 0.414062 0.126100 0.410156 0.139296 0.415039 0.139296 0.416016 0.129032
0 0.085938 0.121701 0.082031 0.126100 0.083984 0.131965
0 0.149414 0.114370 0.144531 0.118768 0.144531 0.131965 0.148438 0.126100
0 0.088867 0.114370 0.086914 0.117302 0.090820 0.120235
0 0.651367 0.112903 0.655273 0.112903 0.657227 0.120235 0.661133 0.117302 0.655273 0.109971
0 0.629883 0.105572 0.627930 0.105572 0.627930 0.112903
0 0.124023 0.105572 0.122070 0.105572 0.122070 0.117302 0.125000 0.115836
0 0.376953 0.104106 0.372070 0.108504 0.372070 0.115836
0 0.354492 0.104106 0.353516 0.115836 0.356445 0.115836 0.358398 0.108504
0 0.392578 0.098240 0.387695 0.102639 0.385742 0.115836 0.389648 0.112903
0 0.156250 0.095308 0.153320 0.107038 0.155273 0.107038
0 0.130859 0.093842 0.125977 0.095308 0.125977 0.107038 0.130859 0.101173
0 0.045898 0.085044 0.041992 0.086510 0.041016 0.096774
0 0.368164 0.082111 0.364258 0.093842 0.361328 0.092375 0.362305 0.086510 0.359375 0.086510 0.363281 0.098240 0.368164 0.092375
0 0.105469 0.082111 0.100586 0.085044 0.102539 0.089443 0.100586 0.096774 0.105469 0.092375
0 0.736328 0.063050 0.731445 0.071848 0.732422 0.077713 0.740234 0.073314
0 0.121094 0.057185 0.116211 0.058651 0.116211 0.068915
0 0.402344 0.052786 0.397461 0.057185 0.397461 0.061584
0 0.374023 0.052786 0.369141 0.052786 0.369141 0.055718
0 0.143555 0.051320 0.141602 0.051320 0.141602 0.061584
0 0.153320 0.035191 0.150391 0.035191 0.147461 0.042522 0.150391 0.046921 0.147461 0.052786 0.149414 0.057185 0.153320 0.054252
0 0.133789 0.033724 0.128906 0.046921 0.132812 0.045455
0 0.374023 0.032258 0.367188 0.039589 0.366211 0.049853 0.370117 0.038123 0.375000 0.042522 0.375000 0.049853 0.377930 0.045455
0 0.127930 0.014663 0.127930 0.021994 0.132812 0.019062
0 0.402344 0.005865 0.398438 0.004399 0.396484 0.014663 0.400391 0.013196
0 0.187500 0.004399 0.182617 0.008798 0.182617 0.021994 0.186523 0.019062
0 0.137695 0.001466 0.139648 0.010264 0.139648 0.001466
0 0.478516 0.000000 0.474609 0.000000 0.471680 0.007331 0.474609 0.010264
0 0.158203 0.000000 0.153320 0.000000 0.153320 0.008798 0.149414 0.010264 0.150391 0.019062 0.155273 0.013196 0.153320 0.008798
0 0.070312 0.001466 0.066406 0.000000 0.063477 0.007331 0.067383 0.008798