0 0.303711 0.837243 0.300781 0.840176 0.302734 0.844575
0 0.712891 0.794721 0.711914 0.800587 0.714844 0.800587
0 0.311523 0.781525 0.307617 0.788856 0.311523 0.788856
0 0.152344 0.774194 0.147461 0.775660 0.146484 0.782991 0.149414 0.788856 0.153320 0.780059
0 0.601562 0.768328 0.597656 0.766862 0.594727 0.772727 0.598633 0.774194
0 0.735352 0.755132 0.734375 0.763930 0.742188 0.769795 0.742188 0.762463
0 0.132812 0.746334 0.125000 0.746334 0.125977 0.759531 0.132812 0.753666
0 0.600586 0.741935 0.600586 0.746334 0.605469 0.750733 0.606445 0.744868
0 0.624023 0.703812 0.619141 0.708211 0.622070 0.714076
0 0.756836 0.699413 0.753906 0.714076 0.758789 0.717009 0.762695 0.711144 0.759766 0.708211 0.761719 0.703812
0 0.310547 0.687683 0.310547 0.693548 0.317383 0.693548 0.317383 0.686217
0 0.177734 0.684751 0.171875 0.695015 0.171875 0.703812
0 0.633789 0.671554 0.628906 0.686217 0.632812 0.684751
0 0.467773 0.661290 0.463867 0.664223 0.463867 0.673021 0.467773 0.671554
0 0.340820 0.656891 0.338867 0.662757 0.342773 0.667155 0.343750 0.656891
0 0.646484 0.634897 0.640625 0.645161 0.640625 0.651026 0.645508 0.648094 0.648438 0.639296
0 0.611328 0.630499 0.599609 0.648094 0.604492 0.665689 0.608398 0.662757 0.612305 0.651026 0.617188 0.648094 0.615234 0.640762 0.611328 0.642229
0 0.767578 0.605572 0.762695 0.607038 0.758789 0.615836 0.759766 0.620235 0.764648 0.615836
0 0.322266 0.598240 0.319336 0.605572 0.320312 0.612903 0.327148 0.615836 0.330078 0.605572
0 0.148438 0.592375 0.144531 0.601173 0.148438 0.599707
0 0.828125 0.590909 0.826172 0.593842 0.828125 0.599707 0.830078 0.596774
0 0.499023 0.568915 0.494141 0.570381 0.493164 0.580645 0.499023 0.577713
0 0.342773 0.564516 0.337891 0.570381 0.340820 0.576246
0 0.196289 0.564516 0.193359 0.573314 0.196289 0.571848
0 0.673828 0.558651 0.669922 0.564516 0.671875 0.571848
0 0.187500 0.558651 0.187500 0.565982 0.189453 0.565982 0.190430 0.558651
0 0.518555 0.551320 0.515625 0.561584 0.520508 0.563050 0.523438 0.554252
0 0.637695 0.549853 0.633789 0.551320 0.633789 0.557185
0 0.200195 0.546921 0.197266 0.546921 0.195312 0.557185 0.197266 0.558651 0.200195 0.552786
0 0.369141 0.536657 0.363281 0.548387 0.369141 0.543988
0 0.640625 0.532258 0.643555 0.543988 0.655273 0.538123 0.655273 0.535191 0.647461 0.535191 0.643555 0.527859
0 0.824219 0.523460 0.819336 0.523460 0.818359 0.533724
0 0.202148 0.521994 0.195312 0.533724 0.200195 0.535191
0 0.371094 0.520528 0.363281 0.521994 0.357422 0.535191 0.359375 0.542522 0.363281 0.526393 0.371094 0.533724
0 0.536133 0.498534 0.532227 0.498534 0.532227 0.507331
0 0.379883 0.489736 0.375977 0.489736 0.372070 0.505865 0.375000 0.497067 0.376953 0.500000 0.379883 0.495601
0 0.703125 0.485337 0.700195 0.488270 0.701172 0.492669 0.705078 0.488270
0 0.676758 0.485337 0.672852 0.485337 0.672852 0.491202
0 0.706055 0.475073 0.704102 0.478006 0.706055 0.483871 0.708008 0.482405
0 0.365234 0.470674 0.362305 0.479472 0.365234 0.479472
0 0.211914 0.464809 0.208984 0.466276 0.207031 0.479472
0 0.861328 0.456012 0.856445 0.456012 0.854492 0.460411 0.858398 0.463343
0 0.550781 0.445748 0.549805 0.450147 0.552734 0.453079 0.554688 0.447214
0 0.392578 0.428152 0.388672 0.432551 0.390625 0.436950 0.393555 0.432551
0 0.327148 0.423754 0.320312 0.423754 0.320312 0.429619
0 0.209961 0.413490 0.210938 0.417889 0.217773 0.416422 0.214844 0.409091
0 0.678711 0.404692 0.677734 0.409091 0.680664 0.412023
0 0.408203 0.379765 0.403320 0.394428 0.409180 0.388563
0 0.403320 0.376833 0.398438 0.381232 0.398438 0.390029 0.403320 0.382698
0 0.720703 0.372434 0.715820 0.375367 0.718750 0.384164
0 0.706055 0.372434 0.698242 0.372434 0.697266 0.385630 0.702148 0.384164
0 0.583008 0.372434 0.575195 0.372434 0.575195 0.378299
0 0.226562 0.356305 0.226562 0.365103 0.230469 0.366569
0 0.203125 0.353372 0.201172 0.360704 0.205078 0.362170 0.206055 0.356305
0 0.389648 0.348974 0.385742 0.351906 0.387695 0.359238
0 0.239258 0.329912 0.234375 0.332845 0.234375 0.347507 0.236328 0.347507
0 0.249023 0.285924 0.244141 0.287390 0.244141 0.300587
0 0.590820 0.280059 0.591797 0.288856 0.594727 0.290323 0.593750 0.304985 0.601562 0.296188 0.595703 0.288856 0.595703 0.281525
0 0.232422 0.274194 0.231445 0.288856 0.233398 0.290323 0.236328 0.281525
0 0.411133 0.268328 0.406250 0.268328 0.407227 0.280059 0.411133 0.277126
0 0.403320 0.244868 0.398438 0.249267 0.402344 0.249267
0 0.256836 0.236070 0.255859 0.241935 0.258789 0.243402 0.259766 0.239003
0 0.268555 0.227273 0.268555 0.233138 0.271484 0.234604 0.272461 0.231672
0 0.634766 0.211144 0.631836 0.215543 0.633789 0.218475 0.636719 0.215543
0 0.438477 0.199413 0.440430 0.231672 0.446289 0.228739 0.446289 0.219941 0.443359 0.215543 0.442383 0.199413
0 0.608398 0.197947 0.604492 0.199413 0.606445 0.205279
0 0.639648 0.196481 0.635742 0.208211 0.639648 0.206745
0 0.264648 0.174487 0.260742 0.174487 0.257812 0.180352 0.259766 0.187683
0 0.650391 0.173021 0.645508 0.178886 0.640625 0.175953 0.640625 0.183284 0.648438 0.183284
0 0.655273 0.156891 0.653320 0.164223 0.656250 0.162757
0 0.262695 0.140762 0.260742 0.145161 0.264648 0.148094 0.265625 0.140762
0 0.664062 0.137830 0.660156 0.140762 0.660156 0.148094 0.664062 0.143695
0 0.604492 0.133431 0.608398 0.136364 0.608398 0.131965
0 0.619141 0.117302 0.615234 0.118768 0.613281 0.126100 0.615234 0.130499 0.619141 0.124633
0 0.622070 0.105572 0.620117 0.111437 0.624023 0.112903 0.625000 0.108504
0 0.428711 0.105572 0.425781 0.108504 0.427734 0.112903 0.430664 0.111437
0 0.289062 0.102639 0.287109 0.112903 0.292969 0.115836 0.292969 0.105572
0 0.483398 0.095308 0.476562 0.109971 0.473633 0.104106 0.469727 0.109971 0.472656 0.121701 0.478516 0.115836 0.479492 0.108504 0.483398 0.107038
0 0.698242 0.086510 0.702148 0.089443 0.702148 0.085044
0 0.690430 0.074780 0.687500 0.076246 0.688477 0.080645
0 0.490234 0.070381 0.481445 0.082111 0.484375 0.092375 0.489258 0.089443 0.489258 0.080645 0.492188 0.077713
0 0.298828 0.065982 0.296875 0.067449 0.297852 0.077713 0.294922 0.080645 0.296875 0.083578 0.301758 0.073314
0 0.693359 0.058651 0.691406 0.064516 0.695312 0.065982 0.696289 0.061584
0 0.302734 0.042522 0.299805 0.051320 0.305664 0.054252 0.306641 0.046921
0 0.501953 0.023460 0.498047 0.024927 0.496094 0.032258 0.488281 0.029326 0.488281 0.033724 0.494141 0.042522 0.499023 0.042522
0 0.303711 0.020528 0.300781 0.027859 0.305664 0.030792 0.306641 0.023460
0 0.266602 0.005865 0.268555 0.010264 0.271484 0.007331