0 0.302734 0.897361 0.299805 0.897361 0.297852 0.904692 0.301758 0.904692
0 0.508789 0.878299 0.500977 0.884164 0.500000 0.894428 0.495117 0.897361 0.494141 0.904692 0.485352 0.916422 0.485352 0.929619 0.493164 0.928152 0.499023 0.917889
0 0.317383 0.859238 0.315430 0.856305 0.311523 0.859238 0.312500 0.848974 0.307617 0.851906 0.304688 0.862170 0.311523 0.859238 0.312500 0.866569
0 0.500000 0.846041 0.492188 0.863636 0.489258 0.862170 0.490234 0.851906 0.478516 0.869501 0.477539 0.876833 0.469727 0.888563 0.471680 0.891496 0.479492 0.887097 0.474609 0.909091 0.454102 0.942815 0.461914 0.938416 0.465820 0.929619 0.468750 0.932551 0.484375 0.888563 0.492188 0.878299 0.499023 0.859238
0 0.515625 0.837243 0.510742 0.846041 0.508789 0.859238 0.514648 0.853372
0 0.508789 0.793255 0.500000 0.804985 0.500000 0.810850 0.491211 0.829912 0.493164 0.831378 0.500000 0.821114 0.500977 0.807918 0.505859 0.810850
0 0.542969 0.652493 0.538086 0.652493 0.537109 0.656891 0.534180 0.652493 0.531250 0.653959 0.531250 0.671554 0.526367 0.678886 0.530273 0.680352 0.533203 0.668622 0.538086 0.668622 0.534180 0.681818 0.535156 0.693548 0.524414 0.717009 0.512695 0.727273 0.513672 0.731672 0.523438 0.731672 0.525391 0.736070 0.526367 0.731672 0.531250 0.731672 0.528320 0.744868 0.525391 0.739003 0.519531 0.747801 0.519531 0.756598 0.526367 0.744868 0.531250 0.750733 0.528320 0.766862 0.525391 0.769795 0.528320 0.778592 0.522461 0.788856 0.524414 0.796188 0.521484 0.802053 0.525391 0.802053 0.534180 0.771261 0.539062 0.763930 0.545898 0.722874 0.541992 0.722874 0.539062 0.731672 0.531250 0.731672 0.535156 0.722874 0.542969 0.717009 0.546875 0.697947 0.554688 0.689150 0.559570 0.673021 0.559570 0.664223 0.556641 0.661290 0.555664 0.670088 0.547852 0.680352 0.549805 0.689150 0.546875 0.695015 0.535156 0.703812 0.537109 0.684751 0.542969 0.673021
0 0.583984 0.423754 0.582031 0.445748 0.587891 0.463343 0.589844 0.456012 0.587891 0.428152
0 0.583984 0.403226 0.583984 0.412023 0.585938 0.412023 0.585938 0.403226
0 0.426758 0.400293 0.413086 0.410557 0.413086 0.441349 0.410156 0.442815 0.406250 0.463343 0.396484 0.466276 0.397461 0.476540 0.394531 0.482405 0.399414 0.479472 0.401367 0.486804 0.390625 0.513196 0.390625 0.529326 0.385742 0.530792 0.382812 0.526393 0.380859 0.530792 0.384766 0.541056 0.384766 0.549853 0.381836 0.554252 0.382812 0.568915 0.379883 0.574780 0.375977 0.574780 0.375000 0.586510 0.369141 0.596774 0.360352 0.601173 0.359375 0.615836 0.366211 0.626100 0.365234 0.631965 0.351562 0.649560 0.347656 0.667155 0.350586 0.671554 0.349609 0.675953 0.343750 0.681818 0.341797 0.693548 0.337891 0.697947 0.334961 0.718475 0.328125 0.721408 0.329102 0.725806 0.334961 0.724340 0.334961 0.740469 0.320312 0.750733 0.320312 0.759531 0.325195 0.758065 0.320312 0.769795 0.322266 0.777126 0.329102 0.766862 0.333984 0.766862 0.335938 0.756598 0.338867 0.760997 0.335938 0.768328 0.343750 0.775660 0.343750 0.782991 0.329102 0.802053 0.332031 0.812317 0.328125 0.816716 0.326172 0.829912 0.331055 0.829912 0.345703 0.806452 0.345703 0.797654 0.343750 0.799120 0.342773 0.793255 0.350586 0.787390 0.350586 0.781525 0.346680 0.780059 0.350586 0.772727 0.354492 0.778592 0.358398 0.777126 0.364258 0.760997 0.364258 0.755132 0.358398 0.753666 0.358398 0.744868 0.362305 0.744868 0.358398 0.740469 0.358398 0.722874 0.368164 0.717009 0.369141 0.711144 0.374023 0.708211 0.374023 0.700880 0.368164 0.702346 0.369141 0.690616 0.372070 0.684751 0.375000 0.689150 0.381836 0.675953 0.381836 0.668622 0.375000 0.675953 0.368164 0.673021 0.374023 0.671554 0.379883 0.659824 0.379883 0.652493 0.374023 0.651026 0.378906 0.639296 0.381836 0.643695 0.385742 0.633431 0.389648 0.633431 0.393555 0.637830 0.390625 0.643695 0.392578 0.648094 0.405273 0.623167 0.405273 0.615836 0.411133 0.612903 0.412109 0.601173 0.405273 0.607038 0.400391 0.605572 0.399414 0.601173 0.402344 0.582111 0.405273 0.580645 0.405273 0.574780 0.416016 0.557185 0.423828 0.532258 0.413086 0.533724 0.417969 0.529326 0.417969 0.521994 0.423828 0.508798 0.421875 0.507331 0.417969 0.520528 0.412109 0.519062 0.415039 0.516129 0.416016 0.504399 0.413086 0.507331 0.412109 0.502933 0.416016 0.492669 0.415039 0.489736 0.409180 0.492669 0.408203 0.483871 0.410156 0.479472 0.415039 0.482405 0.420898 0.476540 0.420898 0.469208 0.426758 0.460411 0.427734 0.447214 0.418945 0.441349 0.423828 0.435484 0.420898 0.431085 0.420898 0.417889 0.427734 0.407625
0 0.583008 0.370968 0.579102 0.375367 0.583008 0.375367
0 0.437500 0.366569 0.434570 0.370968 0.432617 0.388563 0.439453 0.382698
0 0.681641 0.306452 0.672852 0.315249 0.677734 0.326979 0.684570 0.325513
0 0.575195 0.306452 0.566406 0.321114 0.568359 0.331378 0.562500 0.347507 0.557617 0.348974 0.553711 0.357771 0.556641 0.363636 0.553711 0.370968 0.555664 0.378299 0.562500 0.353372 0.568359 0.343109 0.569336 0.351906 0.572266 0.347507 0.576172 0.351906 0.571289 0.373900 0.568359 0.376833 0.562500 0.412023 0.557617 0.422287 0.556641 0.450147 0.561523 0.450147 0.562500 0.456012 0.546875 0.505865 0.534180 0.523460 0.534180 0.529326 0.539062 0.526393 0.541992 0.532258 0.541016 0.543988 0.538086 0.546921 0.538086 0.557185 0.531250 0.564516 0.531250 0.571848 0.526367 0.577713 0.529297 0.582111 0.522461 0.601173 0.526367 0.605572 0.525391 0.615836 0.516602 0.629032 0.515625 0.642229 0.526367 0.629032 0.530273 0.629032 0.531250 0.633431 0.513672 0.656891 0.515625 0.670088 0.510742 0.675953 0.512695 0.678886 0.520508 0.665689 0.521484 0.653959 0.530273 0.651026 0.535156 0.633431 0.538086 0.634897 0.535156 0.640762 0.537109 0.646628 0.545898 0.636364 0.546875 0.629032 0.552734 0.627566 0.559570 0.618768 0.562500 0.607038 0.567383 0.604106 0.571289 0.592375 0.575195 0.596774 0.577148 0.582111 0.580078 0.580645 0.580078 0.573314 0.571289 0.558651 0.577148 0.532258 0.572266 0.536657 0.571289 0.530792 0.577148 0.520528 0.578125 0.502933 0.585938 0.483871 0.583008 0.473607 0.578125 0.473607 0.577148 0.395894 0.580078 0.388563 0.577148 0.382698 0.577148 0.368035 0.581055 0.356305 0.585938 0.359238 0.586914 0.343109 0.582031 0.344575 0.577148 0.337243 0.578125 0.325513 0.574219 0.334311 0.572266 0.332845
0 0.723633 0.282991 0.719727 0.285924 0.718750 0.309384 0.721680 0.315249 0.719727 0.337243 0.721680 0.338710 0.728516 0.304985
0 0.596680 0.259531 0.593750 0.269795 0.596680 0.277126 0.594727 0.307918 0.599609 0.299120
0 0.706055 0.165689 0.707031 0.177419 0.711914 0.189150 0.711914 0.214076 0.714844 0.214076 0.716797 0.219941 0.715820 0.237537 0.718750 0.240469 0.719727 0.266862 0.723633 0.271261 0.724609 0.250733 0.730469 0.244868 0.730469 0.231672 0.714844 0.173021
0 0.687500 0.161290 0.691406 0.190616 0.686523 0.211144 0.679688 0.206745 0.671875 0.187683 0.673828 0.184751 0.668945 0.180352 0.677734 0.225806 0.673828 0.231672 0.670898 0.227273 0.666992 0.231672 0.672852 0.252199 0.680664 0.262463 0.678711 0.271261 0.687500 0.285924 0.691406 0.300587 0.688477 0.322581 0.695312 0.324047 0.697266 0.332845 0.694336 0.366569 0.702148 0.359238 0.704102 0.375367 0.702148 0.400293 0.696289 0.397361 0.692383 0.375367 0.684570 0.391496 0.685547 0.407625 0.687500 0.409091 0.690430 0.403226 0.696289 0.407625 0.697266 0.431085 0.694336 0.438416 0.694336 0.456012 0.698242 0.444282 0.701172 0.450147 0.698242 0.460411 0.700195 0.482405 0.697266 0.489736 0.697266 0.510264 0.694336 0.511730 0.693359 0.529326 0.685547 0.541056 0.690430 0.554252 0.684570 0.563050 0.681641 0.560117 0.678711 0.564516 0.681641 0.568915 0.674805 0.582111 0.675781 0.586510 0.680664 0.585044 0.682617 0.590909 0.678711 0.593842 0.672852 0.614370 0.677734 0.615836 0.678711 0.624633 0.684570 0.631965 0.666992 0.652493 0.668945 0.655425 0.673828 0.652493 0.678711 0.659824 0.684570 0.658358 0.675781 0.677419 0.681641 0.684751 0.671875 0.695015 0.675781 0.706745 0.679688 0.703812 0.684570 0.709677 0.683594 0.715543 0.679688 0.711144 0.675781 0.714076 0.675781 0.718475 0.680664 0.722874 0.686523 0.721408 0.687500 0.708211 0.693359 0.692082 0.696289 0.689150 0.699219 0.693548 0.702148 0.689150 0.699219 0.673021 0.700195 0.652493 0.696289 0.649560 0.708008 0.642229 0.711914 0.633431 0.710938 0.626100 0.708008 0.624633 0.708984 0.614370 0.712891 0.604106 0.711914 0.593842 0.714844 0.592375 0.712891 0.586510 0.717773 0.580645 0.712891 0.551320 0.715820 0.545455 0.718750 0.548387 0.720703 0.542522 0.718750 0.533724 0.720703 0.526393 0.717773 0.520528 0.717773 0.508798 0.720703 0.505865 0.720703 0.480938 0.717773 0.485337 0.715820 0.480938 0.721680 0.460411 0.720703 0.442815 0.723633 0.432551 0.719727 0.422287 0.718750 0.441349 0.714844 0.441349 0.714844 0.390029 0.712891 0.384164 0.708984 0.384164 0.710938 0.382698 0.708984 0.373900 0.710938 0.324047 0.708984 0.303519 0.706055 0.306452 0.706055 0.315249 0.703125 0.313783 0.702148 0.280059 0.705078 0.271261 0.703125 0.262463 0.708008 0.253666 0.708008 0.239003 0.704102 0.236070 0.703125 0.253666 0.698242 0.256598 0.693359 0.230205 0.695312 0.222874 0.692383 0.205279 0.696289 0.170088 0.695312 0.164223
0 0.793945 0.064516 0.802734 0.086510 0.804688 0.107038 0.812500 0.121701 0.812500 0.136364 0.803711 0.142229 0.800781 0.153959 0.809570 0.165689 0.812500 0.178886 0.810547 0.181818 0.819336 0.199413 0.819336 0.211144 0.813477 0.211144 0.810547 0.217009 0.813477 0.237537 0.816406 0.240469 0.815430 0.258065 0.819336 0.266862 0.819336 0.281525 0.811523 0.296188 0.804688 0.300587 0.810547 0.304985 0.812500 0.322581 0.815430 0.324047 0.810547 0.343109 0.812500 0.369501 0.807617 0.375367 0.807617 0.384164 0.814453 0.379765 0.818359 0.387097 0.816406 0.407625 0.810547 0.414956 0.812500 0.426686 0.810547 0.431085 0.812500 0.435484 0.827148 0.429619 0.828125 0.435484 0.820312 0.444282 0.831055 0.454545 0.834961 0.469208 0.839844 0.469208 0.842773 0.442815 0.845703 0.441349 0.849609 0.453079 0.852539 0.429619 0.848633 0.394428 0.849609 0.353372 0.842773 0.346041 0.842773 0.337243 0.845703 0.335777 0.843750 0.255132 0.837891 0.256598 0.834961 0.252199 0.836914 0.227273 0.828125 0.200880 0.824219 0.149560 0.815430 0.126100 0.811523 0.098240 0.802734 0.077713 0.802734 0.058651