0 0.334961 0.991202 0.338867 0.998534 0.365234 0.997067 0.364258 0.992669 0.359375 0.991202 0.358398 0.997067 0.354492 0.997067 0.355469 0.992669 0.349609 0.995601 0.348633 0.991202
0 0.397461 0.991202 0.398438 0.998534 0.403320 0.998534 0.404297 0.991202 0.416016 0.998534 0.409180 0.995601 0.403320 0.986804
0 0.391602 0.972141 0.399414 0.976540 0.398438 0.980938 0.405273 0.979472
0 0.549805 0.856305 0.563477 0.868035 0.565430 0.863636 0.578125 0.866569 0.575195 0.860704
0 0.630859 0.832845 0.618164 0.832845 0.618164 0.835777
0 0.410156 0.838710 0.420898 0.831378 0.425781 0.840176 0.442383 0.838710 0.444336 0.843109 0.458008 0.843109 0.459961 0.848974 0.456055 0.853372 0.467773 0.848974 0.468750 0.853372 0.474609 0.850440 0.484375 0.853372 0.484375 0.847507 0.492188 0.844575 0.500000 0.850440 0.511719 0.848974 0.513672 0.853372 0.531250 0.854839 0.534180 0.850440 0.535156 0.857771 0.542969 0.850440 0.546875 0.859238 0.545898 0.850440 0.541016 0.850440 0.540039 0.844575 0.555664 0.848974 0.570312 0.848974 0.572266 0.844575 0.576172 0.848974 0.586914 0.850440 0.584961 0.840176 0.592773 0.840176 0.593750 0.835777 0.606445 0.838710 0.606445 0.834311 0.612305 0.834311 0.612305 0.831378 0.602539 0.828446 0.596680 0.816716 0.572266 0.815249 0.571289 0.812317 0.576172 0.806452 0.585938 0.806452 0.583984 0.799120 0.586914 0.797654 0.587891 0.806452 0.590820 0.807918 0.588867 0.812317 0.602539 0.810850 0.608398 0.815249 0.619141 0.797654 0.610352 0.794721 0.607422 0.799120 0.607422 0.793255 0.605469 0.797654 0.584961 0.790323 0.580078 0.781525 0.573242 0.781525 0.562500 0.771261 0.555664 0.771261 0.545898 0.780059 0.541016 0.778592 0.540039 0.771261 0.545898 0.772727 0.542969 0.766862 0.537109 0.769795 0.530273 0.762463 0.520508 0.769795 0.504883 0.765396 0.495117 0.769795 0.494141 0.762463 0.492188 0.766862 0.484375 0.766862 0.484375 0.758065 0.481445 0.765396 0.457031 0.758065 0.459961 0.763930 0.462891 0.760997 0.475586 0.769795 0.453125 0.771261 0.438477 0.766862 0.436523 0.762463 0.429688 0.768328 0.440430 0.771261 0.443359 0.780059 0.437500 0.781525 0.438477 0.788856 0.446289 0.787390 0.447266 0.791789 0.456055 0.788856 0.475586 0.796188 0.483398 0.793255 0.498047 0.800587 0.500000 0.797654 0.502930 0.800587 0.504883 0.796188 0.505859 0.802053 0.510742 0.803519 0.509766 0.806452 0.500000 0.804985 0.478516 0.812317 0.477539 0.803519 0.466797 0.803519 0.462891 0.799120 0.448242 0.803519 0.446289 0.799120 0.447266 0.806452 0.454102 0.807918 0.452148 0.813783 0.446289 0.813783 0.443359 0.809384 0.442383 0.813783 0.435547 0.815249 0.430664 0.812317 0.436523 0.809384 0.430664 0.812317 0.424805 0.809384 0.423828 0.815249 0.419922 0.813783 0.410156 0.821114 0.416992 0.825513 0.436523 0.824047 0.437500 0.826979 0.433594 0.832845 0.414062 0.828446 0.410156 0.832845 0.412109 0.835777
0 0.663086 0.585044 0.666016 0.586510 0.668945 0.582111 0.663086 0.582111
0 0.695312 0.570381 0.690430 0.576246 0.693359 0.577713
0 0.677734 0.558651 0.672852 0.558651 0.668945 0.568915 0.673828 0.567449 0.671875 0.563050
0 0.678711 0.563050 0.695312 0.557185 0.695312 0.554252 0.685547 0.551320
0 0.612305 0.517595 0.612305 0.520528 0.618164 0.519062
0 0.624023 0.494135 0.615234 0.500000 0.622070 0.500000
0 0.730469 0.494135 0.722656 0.494135 0.706055 0.508798 0.698242 0.504399 0.679688 0.516129 0.657227 0.511730 0.653320 0.516129 0.641602 0.517595 0.639648 0.521994 0.633789 0.521994 0.631836 0.516129 0.627930 0.523460 0.622070 0.520528 0.612305 0.526393 0.609375 0.523460 0.604492 0.532258 0.607422 0.538123 0.602539 0.545455 0.601562 0.541056 0.593750 0.539589 0.589844 0.532258 0.595703 0.533724 0.596680 0.527859 0.605469 0.517595 0.593750 0.516129 0.590820 0.511730 0.573242 0.516129 0.572266 0.511730 0.535156 0.511730 0.534180 0.508798 0.531250 0.511730 0.503906 0.508798 0.502930 0.511730 0.498047 0.508798 0.493164 0.516129 0.501953 0.511730 0.502930 0.519062 0.543945 0.521994 0.541016 0.526393 0.524414 0.527859 0.484375 0.526393 0.487305 0.530792 0.503906 0.535191 0.497070 0.536657 0.500977 0.541056 0.499023 0.545455 0.490234 0.546921 0.498047 0.551320 0.496094 0.558651 0.490234 0.555718 0.487305 0.558651 0.486328 0.551320 0.482422 0.554252 0.475586 0.549853 0.474609 0.568915 0.484375 0.573314 0.485352 0.568915 0.504883 0.563050 0.508789 0.567449 0.520508 0.565982 0.524414 0.573314 0.519531 0.570381 0.515625 0.577713 0.510742 0.577713 0.511719 0.583578 0.505859 0.577713 0.500977 0.582111 0.500000 0.577713 0.483398 0.592375 0.476562 0.590909 0.479492 0.585044 0.483398 0.585044 0.481445 0.582111 0.472656 0.586510 0.473633 0.592375 0.469727 0.587977 0.465820 0.596774 0.468750 0.601173 0.462891 0.609971 0.462891 0.596774 0.459961 0.593842 0.456055 0.612903 0.462891 0.614370 0.468750 0.609971 0.476562 0.612903 0.481445 0.605572 0.482422 0.608504 0.489258 0.605572 0.490234 0.609971 0.496094 0.605572 0.501953 0.609971 0.502930 0.605572 0.520508 0.604106 0.520508 0.608504 0.522461 0.604106 0.539062 0.604106 0.540039 0.601173 0.541992 0.605572 0.540039 0.612903 0.560547 0.605572 0.562500 0.609971 0.570312 0.605572 0.568359 0.602639 0.552734 0.605572 0.551758 0.602639 0.566406 0.595308 0.578125 0.595308 0.588867 0.582111 0.593750 0.583578 0.590820 0.592375 0.596680 0.585044 0.601562 0.585044 0.601562 0.590909 0.599609 0.590909 0.606445 0.582111 0.608398 0.585044 0.612305 0.580645 0.624023 0.580645 0.627930 0.573314 0.632812 0.577713 0.632812 0.570381 0.642578 0.567449 0.648438 0.576246 0.642578 0.564516 0.640625 0.567449 0.637695 0.563050 0.626953 0.573314 0.623047 0.568915 0.613281 0.574780 0.607422 0.568915 0.605469 0.577713 0.593750 0.574780 0.590820 0.567449 0.596680 0.558651 0.608398 0.557185 0.610352 0.552786 0.617188 0.552786 0.619141 0.557185 0.634766 0.557185 0.635742 0.554252 0.648438 0.557185 0.644531 0.560117 0.645508 0.563050 0.654297 0.554252 0.664062 0.554252 0.665039 0.549853 0.667969 0.552786 0.673828 0.548387 0.671875 0.541056 0.682617 0.533724 0.685547 0.535191 0.677734 0.548387 0.680664 0.549853 0.682617 0.543988 0.695312 0.545455 0.703125 0.539589 0.710938 0.539589 0.717773 0.533724 0.717773 0.527859 0.708008 0.521994 0.703125 0.523460 0.699219 0.517595 0.723633 0.516129
0 0.640625 0.489736 0.635742 0.488270 0.630859 0.497067 0.631836 0.502933 0.634766 0.505865 0.635742 0.501466 0.639648 0.501466
0 0.578125 0.297654 0.566406 0.302053 0.555664 0.312317 0.564453 0.312317 0.571289 0.303519 0.577148 0.302053
0 0.680664 0.233138 0.675781 0.234604 0.680664 0.239003 0.671875 0.247801 0.676758 0.247801 0.681641 0.241935
0 0.676758 0.222874 0.671875 0.222874 0.665039 0.231672 0.655273 0.230205 0.658203 0.225806 0.655273 0.221408 0.665039 0.215543 0.666016 0.218475 0.666992 0.211144 0.670898 0.214076 0.668945 0.209677 0.650391 0.208211 0.649414 0.211144 0.653320 0.211144 0.652344 0.215543 0.637695 0.215543 0.634766 0.221408 0.632812 0.219941 0.634766 0.215543 0.613281 0.222874 0.606445 0.239003 0.588867 0.236070 0.577148 0.243402 0.557617 0.246334 0.552734 0.255132 0.546875 0.258065 0.545898 0.263930 0.535156 0.259531 0.530273 0.266862 0.522461 0.269795 0.520508 0.277126 0.515625 0.274194 0.512695 0.280059 0.509766 0.278592 0.512695 0.272727 0.509766 0.268328 0.521484 0.258065 0.517578 0.262463 0.510742 0.258065 0.508789 0.263930 0.500000 0.259531 0.490234 0.271261 0.494141 0.272727 0.493164 0.278592 0.501953 0.281525 0.502930 0.285924 0.484375 0.297654 0.484375 0.307918 0.488281 0.303519 0.496094 0.307918 0.494141 0.313783 0.501953 0.324047 0.510742 0.312317 0.528320 0.304985 0.527344 0.313783 0.515625 0.315249 0.525391 0.322581 0.542969 0.312317 0.547852 0.304985 0.559570 0.302053 0.568359 0.290323 0.574219 0.294721 0.583984 0.288856 0.583984 0.284457 0.590820 0.284457 0.593750 0.278592 0.599609 0.280059 0.609375 0.272727 0.610352 0.277126 0.617188 0.275660 0.620117 0.266862 0.639648 0.260997 0.640625 0.256598 0.631836 0.258065 0.630859 0.255132 0.641602 0.244868 0.656250 0.243402 0.661133 0.247801 0.666992 0.237537 0.673828 0.241935 0.673828 0.233138 0.670898 0.230205
0 0.680664 0.192082 0.671875 0.196481 0.670898 0.193548 0.674805 0.190616 0.672852 0.189150 0.666016 0.196481 0.673828 0.197947
0 0.536133 0.071848 0.531250 0.071848 0.528320 0.079179
0 0.574219 0.004399 0.569336 0.008798 0.565430 0.004399 0.571289 0.000000 0.543945 0.000000 0.529297 0.010264 0.528320 0.005865 0.532227 0.000000 0.536133 0.000000 0.528320 0.001466 0.524414 0.008798 0.521484 0.007331 0.521484 0.001466 0.510742 0.005865 0.500977 0.016129 0.499023 0.023460 0.494141 0.024927 0.493164 0.035191 0.481445 0.046921 0.483398 0.045455 0.491211 0.055718 0.482422 0.068915 0.499023 0.061584 0.500977 0.065982 0.498047 0.073314 0.491211 0.076246 0.490234 0.080645 0.499023 0.080645 0.505859 0.074780 0.512695 0.082111 0.509766 0.085044 0.510742 0.089443 0.514648 0.087977 0.514648 0.082111 0.518555 0.079179 0.515625 0.076246 0.524414 0.060117 0.530273 0.061584 0.546875 0.045455 0.552734 0.045455 0.551758 0.039589 0.545898 0.038123 0.546875 0.033724 0.551758 0.033724 0.551758 0.029326 0.538086 0.035191 0.533203 0.042522 0.511719 0.055718 0.508789 0.051320 0.514648 0.049853 0.515625 0.043988 0.509766 0.046921 0.510742 0.036657 0.516602 0.030792 0.524414 0.032258 0.532227 0.026393 0.540039 0.027859 0.551758 0.021994