0 0.490234 0.982405 0.484375 0.991202 0.485352 0.995601 0.490234 0.989736
0 0.268555 0.945748 0.260742 0.958944 0.259766 0.967742 0.262695 0.966276 0.263672 0.957478 0.266602 0.961877 0.265625 0.966276 0.268555 0.967742 0.274414 0.961877 0.274414 0.958944 0.267578 0.960411 0.270508 0.951613
0 0.295898 0.942815 0.291016 0.942815 0.294922 0.954545 0.291992 0.961877 0.295898 0.957478
0 0.268555 0.935484 0.265625 0.935484 0.263672 0.942815
0 0.512695 0.884164 0.512695 0.891496 0.514648 0.891496 0.514648 0.884164
0 0.401367 0.884164 0.405273 0.894428 0.406250 0.884164 0.405273 0.887097
0 0.275391 0.865103 0.272461 0.869501 0.272461 0.881232
0 0.408203 0.813783 0.403320 0.825513 0.406250 0.832845 0.406250 0.848974 0.403320 0.850440 0.406250 0.854839 0.409180 0.848974 0.408203 0.818182 0.411133 0.815249
0 0.406250 0.774194 0.406250 0.787390 0.411133 0.790323 0.411133 0.781525 0.408203 0.780059 0.411133 0.778592 0.409180 0.777126 0.411133 0.769795
0 0.661133 0.762463 0.657227 0.777126 0.654297 0.778592 0.656250 0.790323 0.653320 0.797654 0.650391 0.797654 0.651367 0.807918 0.644531 0.807918 0.646484 0.813783 0.641602 0.818182 0.640625 0.825513 0.643555 0.826979 0.643555 0.831378 0.640625 0.831378 0.641602 0.840176 0.644531 0.843109 0.646484 0.840176 0.647461 0.844575 0.644531 0.846041 0.641602 0.859238 0.637695 0.860704 0.638672 0.870968 0.640625 0.862170 0.643555 0.870968 0.647461 0.872434 0.646484 0.863636 0.642578 0.860704 0.644531 0.857771 0.650391 0.860704 0.654297 0.894428 0.655273 0.884164 0.659180 0.885630 0.656250 0.872434 0.657227 0.859238 0.660156 0.881232 0.662109 0.881232 0.659180 0.841642 0.664062 0.835777 0.666016 0.843109 0.661133 0.832845 0.659180 0.837243 0.655273 0.835777 0.659180 0.824047 0.665039 0.825513 0.658203 0.797654 0.659180 0.791789 0.666016 0.793255 0.659180 0.790323 0.661133 0.788856 0.659180 0.769795 0.662109 0.768328 0.665039 0.774194
0 0.505859 0.734604 0.507812 0.743402 0.508789 0.739003
0 0.407227 0.727273 0.408203 0.744868 0.411133 0.741935 0.409180 0.740469 0.411133 0.731672
0 0.666016 0.700880 0.668945 0.714076 0.663086 0.714076 0.667969 0.721408 0.670898 0.708211
0 0.656250 0.681818 0.653320 0.706745 0.655273 0.696481 0.661133 0.718475 0.662109 0.703812 0.660156 0.705279 0.656250 0.695015
0 0.490234 0.577713 0.486328 0.583578 0.483398 0.577713 0.481445 0.583578 0.478516 0.577713 0.475586 0.582111 0.475586 0.590909 0.478516 0.592375 0.481445 0.604106 0.477539 0.605572 0.474609 0.593842 0.472656 0.601173 0.475586 0.627566 0.468750 0.629032 0.469727 0.637830 0.473633 0.637830 0.478516 0.645161 0.477539 0.653959 0.472656 0.643695 0.474609 0.652493 0.477539 0.653959 0.475586 0.673021 0.479492 0.687683 0.477539 0.695015 0.479492 0.741935 0.475586 0.746334 0.468750 0.733138 0.468750 0.727273 0.467773 0.737537 0.465820 0.731672 0.463867 0.733138 0.462891 0.744868 0.465820 0.747801 0.469727 0.769795 0.468750 0.784457 0.471680 0.787390 0.471680 0.778592 0.475586 0.787390 0.468750 0.797654 0.465820 0.793255 0.466797 0.806452 0.463867 0.809384 0.465820 0.812317 0.463867 0.825513 0.468750 0.828446 0.468750 0.848974 0.466797 0.850440 0.468750 0.854839 0.463867 0.854839 0.465820 0.859238 0.462891 0.869501 0.462891 0.891496 0.468750 0.882698 0.471680 0.888563 0.469727 0.895894 0.472656 0.898827 0.472656 0.906158 0.466797 0.910557 0.463867 0.903226 0.463867 0.913490 0.461914 0.912023 0.462891 0.917889 0.459961 0.922287 0.460938 0.929619 0.461914 0.919355 0.466797 0.920821 0.463867 0.931085 0.465820 0.934018 0.462891 0.945748 0.463867 0.956012 0.460938 0.957478 0.459961 0.944282 0.459961 0.953079 0.457031 0.957478 0.457031 0.961877 0.462891 0.961877 0.463867 0.991202 0.458984 0.995601 0.476562 0.995601 0.477539 0.988270 0.479492 0.991202 0.484375 0.988270 0.485352 0.976540 0.492188 0.976540 0.489258 0.967742 0.493164 0.967742 0.495117 0.957478 0.499023 0.957478 0.500000 0.961877 0.500000 0.953079 0.496094 0.953079 0.496094 0.948680 0.499023 0.948680 0.496094 0.942815 0.497070 0.922287 0.500000 0.922287 0.500000 0.929619 0.500977 0.925220 0.505859 0.923754 0.504883 0.910557 0.506836 0.906158 0.509766 0.909091 0.511719 0.906158 0.509766 0.895894 0.506836 0.897361 0.505859 0.891496 0.511719 0.881232 0.509766 0.863636 0.512695 0.862170 0.514648 0.866569 0.512695 0.859238 0.514648 0.825513 0.512695 0.818182 0.508789 0.816716 0.507812 0.807918 0.509766 0.788856 0.505859 0.782991 0.505859 0.775660 0.509766 0.771261 0.504883 0.755132 0.507812 0.746334 0.502930 0.755132 0.499023 0.749267 0.502930 0.741935 0.500000 0.736070 0.501953 0.722874 0.499023 0.719941 0.501953 0.717009 0.499023 0.703812 0.499023 0.681818 0.501953 0.678886 0.502930 0.664223 0.500000 0.662757 0.500000 0.678886 0.497070 0.681818 0.494141 0.675953 0.490234 0.681818 0.487305 0.675953 0.490234 0.668622 0.486328 0.665689 0.489258 0.652493 0.493164 0.651026 0.492188 0.634897 0.495117 0.637830 0.495117 0.646628 0.499023 0.646628 0.501953 0.639296 0.500000 0.634897 0.502930 0.629032 0.502930 0.602639 0.497070 0.595308 0.496094 0.583578
0 0.321289 0.508798 0.318359 0.511730 0.319336 0.526393 0.316406 0.530792 0.324219 0.533724 0.325195 0.538123 0.318359 0.545455 0.315430 0.542522 0.317383 0.535191 0.310547 0.535191 0.312500 0.536657 0.312500 0.573314 0.305664 0.590909 0.300781 0.582111 0.297852 0.592375 0.307617 0.615836 0.309570 0.633431 0.306641 0.634897 0.304688 0.648094 0.307617 0.648094 0.306641 0.656891 0.300781 0.652493 0.299805 0.665689 0.297852 0.667155 0.296875 0.662757 0.294922 0.667155 0.299805 0.681818 0.296875 0.693548 0.299805 0.690616 0.300781 0.695015 0.296875 0.697947 0.295898 0.711144 0.291992 0.703812 0.293945 0.709677 0.291992 0.714076 0.294922 0.715543 0.294922 0.725806 0.291992 0.727273 0.296875 0.740469 0.291016 0.737537 0.293945 0.744868 0.291016 0.749267 0.293945 0.747801 0.293945 0.755132 0.288086 0.760997 0.291992 0.763930 0.289062 0.769795 0.289062 0.797654 0.285156 0.809384 0.288086 0.810850 0.288086 0.804985 0.291016 0.803519 0.293945 0.816716 0.288086 0.835777 0.286133 0.834311 0.287109 0.815249 0.281250 0.818182 0.284180 0.835777 0.282227 0.840176 0.287109 0.841642 0.285156 0.846041 0.287109 0.850440 0.282227 0.870968 0.279297 0.865103 0.275391 0.878299 0.277344 0.882698 0.280273 0.873900 0.284180 0.884164 0.281250 0.888563 0.279297 0.907625 0.281250 0.913490 0.276367 0.920821 0.277344 0.912023 0.268555 0.907625 0.266602 0.919355 0.269531 0.923754 0.273438 0.922287 0.272461 0.932551 0.275391 0.925220 0.278320 0.926686 0.273438 0.948680 0.281250 0.957478 0.284180 0.929619 0.291992 0.938416 0.295898 0.938416 0.298828 0.932551 0.293945 0.926686 0.291016 0.931085 0.288086 0.929619 0.290039 0.925220 0.288086 0.914956 0.292969 0.917889 0.296875 0.901760 0.299805 0.903226 0.297852 0.906158 0.300781 0.910557 0.299805 0.917889 0.302734 0.919355 0.300781 0.922287 0.302734 0.934018 0.303711 0.920821 0.306641 0.920821 0.306641 0.907625 0.312500 0.906158 0.311523 0.895894 0.308594 0.894428 0.309570 0.873900 0.312500 0.866569 0.317383 0.868035 0.318359 0.854839 0.312500 0.859238 0.314453 0.850440 0.311523 0.847507 0.311523 0.837243 0.314453 0.835777 0.312500 0.821114 0.315430 0.804985 0.311523 0.815249 0.309570 0.809384 0.305664 0.810850 0.306641 0.802053 0.303711 0.800587 0.305664 0.793255 0.302734 0.791789 0.308594 0.790323 0.311523 0.784457 0.306641 0.777126 0.308594 0.768328 0.303711 0.774194 0.302734 0.766862 0.306641 0.759531 0.311523 0.766862 0.311523 0.756598 0.316406 0.746334 0.318359 0.747801 0.320312 0.763930 0.322266 0.760997 0.323242 0.765396 0.320312 0.766862 0.318359 0.775660 0.313477 0.769795 0.315430 0.774194 0.313477 0.782991 0.317383 0.793255 0.321289 0.787390 0.319336 0.781525 0.322266 0.778592 0.322266 0.769795 0.327148 0.765396 0.325195 0.759531 0.327148 0.755132 0.324219 0.753666 0.327148 0.746334 0.318359 0.746334 0.315430 0.737537 0.317383 0.731672 0.313477 0.731672 0.315430 0.736070 0.312500 0.737537 0.312500 0.724340 0.309570 0.719941 0.312500 0.700880 0.317383 0.697947 0.317383 0.687683 0.321289 0.686217 0.322266 0.690616 0.325195 0.686217 0.327148 0.690616 0.324219 0.674487 0.321289 0.673021 0.321289 0.658358 0.325195 0.651026 0.327148 0.662757 0.327148 0.648094 0.330078 0.643695 0.328125 0.627566 0.333984 0.637830 0.333008 0.614370 0.336914 0.608504 0.334961 0.596774 0.339844 0.577713 0.334961 0.573314 0.334961 0.558651 0.330078 0.549853 0.333008 0.536657 0.334961 0.535191 0.335938 0.539589 0.337891 0.536657 0.333008 0.532258 0.327148 0.533724 0.327148 0.520528 0.333008 0.513196 0.327148 0.520528 0.325195 0.516129 0.322266 0.520528
0 0.602539 0.502933 0.600586 0.511730 0.605469 0.516129
0 0.598633 0.457478 0.594727 0.457478 0.593750 0.463343 0.598633 0.464809 0.596680 0.463343
0 0.390625 0.432551 0.390625 0.441349 0.398438 0.441349 0.396484 0.454545 0.391602 0.456012 0.393555 0.488270 0.399414 0.483871 0.403320 0.489736 0.396484 0.497067 0.394531 0.494135 0.397461 0.548387 0.400391 0.549853 0.398438 0.567449 0.400391 0.568915 0.400391 0.590909 0.403320 0.593842 0.401367 0.596774 0.401367 0.624633 0.403320 0.624633 0.404297 0.614370 0.408203 0.612903 0.409180 0.618768 0.411133 0.615836 0.408203 0.609971 0.411133 0.608504 0.408203 0.590909 0.409180 0.577713 0.405273 0.573314 0.408203 0.571848 0.406250 0.551320 0.409180 0.548387 0.412109 0.565982 0.411133 0.549853 0.406250 0.543988 0.409180 0.535191 0.406250 0.533724 0.406250 0.526393 0.408203 0.524927 0.409180 0.529326 0.408203 0.523460 0.411133 0.520528 0.406250 0.507331 0.411133 0.501466 0.408203 0.500000 0.409180 0.497067 0.405273 0.501466 0.403320 0.483871 0.405273 0.482405 0.408203 0.491202 0.409180 0.480938 0.399414 0.458944 0.399414 0.436950 0.396484 0.432551
0 0.628906 0.404692 0.629883 0.417889 0.632812 0.410557
0 0.465820 0.400293 0.468750 0.404692 0.468750 0.422287 0.462891 0.426686 0.464844 0.435484 0.466797 0.429619 0.468750 0.431085 0.466797 0.438416 0.468750 0.472141 0.478516 0.495601 0.468750 0.513196 0.465820 0.510264 0.463867 0.497067 0.463867 0.510264 0.468750 0.513196 0.466797 0.520528 0.472656 0.510264 0.478516 0.517595 0.475586 0.545455 0.481445 0.548387 0.480469 0.535191 0.484375 0.533724 0.485352 0.543988 0.493164 0.557185 0.493164 0.549853 0.497070 0.546921 0.492188 0.535191 0.492188 0.521994 0.488281 0.523460 0.484375 0.511730 0.485352 0.507331 0.492188 0.510264 0.492188 0.504399 0.487305 0.508798 0.486328 0.502933 0.481445 0.505865 0.485352 0.492669 0.490234 0.492669 0.490234 0.501466 0.492188 0.492669 0.483398 0.482405 0.483398 0.478006 0.478516 0.480938 0.474609 0.472141 0.478516 0.450147 0.481445 0.451613 0.481445 0.467742 0.484375 0.472141 0.486328 0.450147 0.484375 0.456012 0.481445 0.445748 0.483398 0.438416 0.478516 0.426686 0.480469 0.419355 0.478516 0.422287 0.476562 0.417889 0.472656 0.419355 0.471680 0.410557
0 0.581055 0.395894 0.583984 0.406158 0.583984 0.395894
0 0.575195 0.387097 0.577148 0.394428 0.577148 0.387097
0 0.878906 0.348974 0.880859 0.356305 0.881836 0.348974 0.880859 0.351906
0 0.884766 0.343109 0.889648 0.351906 0.890625 0.347507
0 0.604492 0.315249 0.603516 0.322581 0.607422 0.328446 0.606445 0.338710 0.609375 0.343109 0.612305 0.325513 0.610352 0.328446
0 0.583984 0.315249 0.583008 0.319648 0.578125 0.321114 0.578125 0.326979 0.583984 0.337243 0.582031 0.343109 0.587891 0.344575 0.588867 0.369501 0.596680 0.372434 0.595703 0.376833 0.593750 0.375367 0.593750 0.394428 0.596680 0.395894 0.596680 0.403226 0.593750 0.404692 0.594727 0.412023 0.591797 0.413490 0.593750 0.422287 0.588867 0.432551 0.588867 0.439883 0.592773 0.441349 0.590820 0.431085 0.593750 0.419355 0.599609 0.417889 0.600586 0.429619 0.604492 0.431085 0.602539 0.436950 0.606445 0.441349 0.603516 0.460411 0.609375 0.460411 0.612305 0.475073 0.607422 0.486804 0.612305 0.489736 0.615234 0.505865 0.618164 0.508798 0.612305 0.513196 0.609375 0.508798 0.609375 0.521994 0.617188 0.519062 0.622070 0.532258 0.619141 0.543988 0.618164 0.536657 0.610352 0.527859 0.613281 0.545455 0.609375 0.549853 0.610352 0.554252 0.613281 0.549853 0.617188 0.554252 0.619141 0.545455 0.619141 0.554252 0.625000 0.555718 0.625000 0.561584 0.620117 0.564516 0.619141 0.579179 0.618164 0.574780 0.612305 0.582111 0.611328 0.567449 0.609375 0.567449 0.607422 0.580645 0.610352 0.604106 0.615234 0.604106 0.619141 0.611437 0.619141 0.620235 0.615234 0.620235 0.616211 0.648094 0.622070 0.652493 0.629883 0.651026 0.624023 0.651026 0.624023 0.634897 0.621094 0.630499 0.625000 0.629032 0.631836 0.651026 0.634766 0.652493 0.635742 0.667155 0.632812 0.675953 0.628906 0.671554 0.627930 0.693548 0.625000 0.693548 0.624023 0.675953 0.620117 0.683284 0.622070 0.697947 0.625000 0.696481 0.627930 0.703812 0.628906 0.717009 0.634766 0.703812 0.640625 0.709677 0.637695 0.715543 0.637695 0.730205 0.632812 0.739003 0.629883 0.724340 0.625000 0.722874 0.625000 0.744868 0.631836 0.765396 0.630859 0.784457 0.639648 0.796188 0.643555 0.780059 0.640625 0.777126 0.640625 0.768328 0.633789 0.759531 0.637695 0.755132 0.637695 0.747801 0.633789 0.743402 0.635742 0.740469 0.644531 0.743402 0.646484 0.750733 0.644531 0.772727 0.649414 0.774194 0.649414 0.769795 0.655273 0.768328 0.656250 0.763930 0.655273 0.741935 0.650391 0.737537 0.650391 0.728739 0.645508 0.730205 0.645508 0.724340 0.648438 0.722874 0.646484 0.719941 0.648438 0.709677 0.646484 0.681818 0.651367 0.673021 0.655273 0.678886 0.655273 0.673021 0.652344 0.671554 0.656250 0.655425 0.657227 0.659824 0.665039 0.662757 0.665039 0.670088 0.666016 0.658358 0.656250 0.652493 0.660156 0.648094 0.665039 0.652493 0.662109 0.648094 0.664062 0.624633 0.661133 0.614370 0.656250 0.612903 0.662109 0.604106 0.664062 0.587977 0.656250 0.586510 0.655273 0.574780 0.650391 0.573314 0.656250 0.554252 0.655273 0.545455 0.651367 0.545455 0.649414 0.539589 0.652344 0.520528 0.645508 0.497067 0.646484 0.485337 0.642578 0.483871 0.643555 0.475073 0.639648 0.472141 0.639648 0.454545 0.634766 0.450147 0.632812 0.441349 0.636719 0.428152 0.630859 0.441349 0.625000 0.416422 0.624023 0.395894 0.620117 0.395894 0.618164 0.403226 0.618164 0.420821 0.615234 0.422287 0.612305 0.417889 0.614258 0.413490 0.612305 0.400293 0.617188 0.395894 0.611328 0.390029 0.615234 0.381232 0.609375 0.387097 0.605469 0.379765 0.605469 0.372434 0.608398 0.369501 0.608398 0.357771 0.602539 0.347507 0.605469 0.344575 0.602539 0.344575 0.604492 0.365103 0.599609 0.372434 0.594727 0.363636 0.593750 0.370968 0.590820 0.362170 0.592773 0.348974 0.589844 0.347507 0.589844 0.340176 0.592773 0.338710 0.587891 0.337243
0 0.562500 0.287390 0.562500 0.300587 0.564453 0.294721 0.565430 0.304985 0.560547 0.319648 0.565430 0.321114 0.562500 0.328446 0.569336 0.338710 0.569336 0.350440 0.575195 0.362170 0.575195 0.369501 0.571289 0.372434 0.572266 0.379765 0.581055 0.388563 0.575195 0.378299 0.577148 0.338710 0.568359 0.326979 0.574219 0.325513 0.571289 0.309384 0.577148 0.303519 0.575195 0.296188 0.577148 0.287390 0.572266 0.287390 0.572266 0.306452
0 0.596680 0.274194 0.593750 0.284457 0.599609 0.293255 0.599609 0.299120 0.593750 0.297654 0.594727 0.302053 0.591797 0.303519 0.593750 0.315249 0.595703 0.313783 0.594727 0.303519 0.598633 0.303519 0.599609 0.309384 0.599609 0.303519 0.605469 0.302053 0.608398 0.294721 0.603516 0.282991 0.604492 0.294721 0.601562 0.294721
0 0.552734 0.274194 0.553711 0.284457 0.559570 0.290323
0 0.681641 0.269795 0.683594 0.278592 0.684570 0.274194
0 0.718750 0.227273 0.719727 0.241935 0.726562 0.244868 0.718750 0.233138
0 0.663086 0.222874 0.665039 0.231672 0.667969 0.228739
0 0.656250 0.187683 0.654297 0.202346 0.659180 0.197947
0 0.641602 0.156891 0.643555 0.162757 0.640625 0.168622 0.647461 0.170088 0.646484 0.181818 0.649414 0.186217 0.653320 0.178886
0 0.669922 0.137830 0.677734 0.149560 0.679688 0.148094 0.673828 0.137830
0 0.649414 0.133431 0.647461 0.136364 0.652344 0.134897 0.656250 0.140762 0.655273 0.149560 0.649414 0.140762 0.649414 0.153959 0.654297 0.151026 0.656250 0.173021 0.665039 0.180352 0.663086 0.184751 0.668945 0.193548 0.668945 0.197947 0.665039 0.199413 0.665039 0.205279 0.669922 0.211144 0.666016 0.219941 0.668945 0.219941 0.671875 0.209677 0.675781 0.219941 0.674805 0.243402 0.677734 0.249267 0.672852 0.249267 0.672852 0.252199 0.679688 0.253666 0.681641 0.243402 0.687500 0.246334 0.690430 0.272727 0.696289 0.274194 0.695312 0.280059 0.691406 0.278592 0.696289 0.285924 0.691406 0.282991 0.691406 0.288856 0.698242 0.287390 0.694336 0.293255 0.698242 0.306452 0.696289 0.315249 0.693359 0.309384 0.694336 0.319648 0.700195 0.331378 0.702148 0.328446 0.704102 0.335777 0.715820 0.347507 0.716797 0.354839 0.712891 0.357771 0.715820 0.369501 0.709961 0.370968 0.727539 0.400293 0.727539 0.429619 0.737305 0.456012 0.735352 0.463343 0.739258 0.458944 0.745117 0.470674 0.743164 0.483871 0.740234 0.475073 0.744141 0.495601 0.748047 0.498534 0.747070 0.502933 0.749023 0.500000 0.750977 0.504399 0.750977 0.530792 0.758789 0.546921 0.758789 0.557185 0.763672 0.560117 0.769531 0.593842 0.768555 0.601173 0.765625 0.593842 0.766602 0.608504 0.768555 0.609971 0.770508 0.604106 0.778320 0.626100 0.773438 0.639296 0.781250 0.637830 0.781250 0.656891 0.784180 0.667155 0.788086 0.665689 0.788086 0.655425 0.795898 0.662757 0.798828 0.653959 0.791992 0.656891 0.792969 0.648094 0.788086 0.643695 0.791016 0.629032 0.795898 0.629032 0.793945 0.617302 0.796875 0.615836 0.796875 0.609971 0.787109 0.579179 0.791016 0.571848 0.793945 0.571848 0.794922 0.577713 0.798828 0.573314 0.795898 0.563050 0.791016 0.561584 0.795898 0.555718 0.792969 0.548387 0.792969 0.535191 0.790039 0.526393 0.786133 0.524927 0.790039 0.513196 0.786133 0.502933 0.780273 0.501466 0.782227 0.488270 0.785156 0.492669 0.787109 0.486804 0.792969 0.491202 0.792969 0.479472 0.789062 0.479472 0.784180 0.467742 0.783203 0.454545 0.788086 0.453079 0.787109 0.442815 0.783203 0.451613 0.780273 0.448680 0.783203 0.434018 0.781250 0.426686 0.779297 0.428152 0.781250 0.431085 0.779297 0.441349 0.772461 0.417889 0.775391 0.403226 0.771484 0.407625 0.764648 0.392962 0.762695 0.373900 0.764648 0.370968 0.761719 0.363636 0.760742 0.373900 0.763672 0.378299 0.759766 0.385630 0.749023 0.375367 0.750000 0.370968 0.757812 0.373900 0.751953 0.366569 0.757812 0.348974 0.755859 0.347507 0.754883 0.353372 0.750000 0.348974 0.748047 0.356305 0.747070 0.332845 0.750000 0.332845 0.750000 0.326979 0.747070 0.328446 0.734375 0.318182 0.739258 0.304985 0.735352 0.310850 0.733398 0.303519 0.730469 0.303519 0.730469 0.296188 0.734375 0.291789 0.731445 0.285924 0.733398 0.274194 0.728516 0.266862 0.725586 0.272727 0.718750 0.262463 0.713867 0.262463 0.708984 0.255132 0.710938 0.250733 0.708008 0.243402 0.704102 0.244868 0.703125 0.240469 0.697266 0.239003 0.699219 0.233138 0.695312 0.209677 0.699219 0.206745 0.699219 0.197947 0.693359 0.192082 0.693359 0.184751 0.688477 0.187683 0.686523 0.180352 0.678711 0.178886 0.670898 0.162757 0.673828 0.152493 0.670898 0.146628 0.666992 0.151026 0.659180 0.145161 0.655273 0.133431
0 0.716797 0.019062 0.727539 0.041056 0.729492 0.032258 0.734375 0.032258 0.731445 0.024927 0.728516 0.029326 0.726562 0.023460 0.719727 0.023460
0 0.732422 0.000000 0.735352 0.013196 0.740234 0.016129 0.740234 0.030792 0.745117 0.041056 0.738281 0.043988 0.734375 0.038123 0.734375 0.042522 0.729492 0.042522 0.752930 0.086510 0.771484 0.130499 0.775391 0.121701 0.784180 0.133431 0.787109 0.145161 0.782227 0.145161 0.782227 0.151026 0.787109 0.152493 0.794922 0.184751 0.799805 0.189150 0.800781 0.197947 0.809570 0.212610 0.819336 0.241935 0.820312 0.237537 0.823242 0.239003 0.823242 0.252199 0.832031 0.263930 0.832031 0.275660 0.837891 0.277126 0.835938 0.280059 0.843750 0.297654 0.844727 0.307918 0.848633 0.307918 0.850586 0.315249 0.856445 0.319648 0.855469 0.309384 0.859375 0.306452 0.860352 0.337243 0.862305 0.338710 0.859375 0.346041 0.863281 0.351906 0.867188 0.347507 0.872070 0.351906 0.870117 0.360704 0.875000 0.363636 0.876953 0.373900 0.874023 0.348974 0.869141 0.343109 0.870117 0.337243 0.875000 0.343109 0.875000 0.340176 0.871094 0.337243 0.874023 0.332845 0.868164 0.322581 0.868164 0.313783 0.851562 0.302053 0.850586 0.296188 0.858398 0.294721 0.860352 0.300587 0.864258 0.300587 0.873047 0.319648 0.875000 0.315249 0.880859 0.331378 0.877930 0.321114 0.881836 0.318182 0.882812 0.325513 0.889648 0.326979 0.887695 0.324047 0.889648 0.316716 0.884766 0.313783 0.886719 0.306452 0.881836 0.307918 0.880859 0.291789 0.875000 0.285924 0.874023 0.274194 0.864258 0.266862 0.865234 0.258065 0.859375 0.258065 0.858398 0.244868 0.852539 0.233138 0.861328 0.233138 0.856445 0.225806 0.855469 0.212610 0.843750 0.184751 0.846680 0.180352 0.834961 0.167155 0.837891 0.162757 0.849609 0.177419 0.846680 0.164223 0.848633 0.161290 0.843750 0.158358 0.840820 0.145161 0.828125 0.139296 0.825195 0.131965 0.827148 0.130499 0.825195 0.117302 0.819336 0.121701 0.812500 0.111437 0.813477 0.107038 0.817383 0.107038 0.821289 0.112903 0.818359 0.102639 0.814453 0.101173 0.814453 0.093842 0.811523 0.092375 0.806641 0.076246 0.809570 0.093842 0.804688 0.089443 0.800781 0.093842 0.802734 0.098240 0.796875 0.102639 0.791016 0.086510 0.791992 0.096774 0.789062 0.098240 0.780273 0.083578 0.784180 0.076246 0.781250 0.070381 0.774414 0.068915 0.775391 0.061584 0.778320 0.064516 0.780273 0.061584 0.776367 0.061584 0.771484 0.048387 0.770508 0.057185 0.765625 0.055718 0.765625 0.039589 0.761719 0.032258 0.762695 0.024927 0.757812 0.021994 0.757812 0.014663 0.749023 0.001466 0.743164 0.004399 0.740234 0.000000
0 0.718750 0.000000 0.724609 0.004399 0.724609 0.000000