0 0.737305 0.967742 0.737305 0.970674 0.742188 0.970674 0.740234 0.966276
0 0.787109 0.931085 0.767578 0.948680 0.756836 0.950147 0.755859 0.957478 0.748047 0.954545 0.747070 0.967742 0.764648 0.960411 0.766602 0.951613 0.769531 0.953079 0.768555 0.956012 0.780273 0.953079 0.781250 0.948680 0.787109 0.951613 0.790039 0.944282
0 0.905273 0.887097 0.887695 0.898827 0.882812 0.897361 0.879883 0.903226 0.844727 0.910557 0.834961 0.920821 0.825195 0.914956 0.821289 0.925220 0.813477 0.926686 0.807617 0.936950 0.811523 0.941349 0.818359 0.938416 0.823242 0.929619 0.828125 0.934018 0.833984 0.925220 0.840820 0.928152 0.844727 0.917889 0.850586 0.920821 0.856445 0.913490 0.863281 0.917889 0.869141 0.910557 0.874023 0.913490 0.875977 0.906158 0.877930 0.909091 0.884766 0.906158 0.890625 0.897361 0.896484 0.901760 0.897461 0.895894 0.905273 0.895894
0 0.742188 0.703812 0.738281 0.705279 0.735352 0.700880 0.726562 0.708211 0.716797 0.709677 0.715820 0.714076 0.708984 0.714076 0.702148 0.727273 0.696289 0.722874 0.691406 0.731672 0.694336 0.734604 0.693359 0.740469 0.709961 0.727273 0.712891 0.730205 0.718750 0.722874 0.733398 0.717009 0.734375 0.711144
0 0.875000 0.624633 0.872070 0.629032 0.860352 0.630499 0.856445 0.637830 0.854492 0.634897 0.850586 0.639296 0.835938 0.640762 0.831055 0.649560 0.826172 0.643695 0.822266 0.652493 0.816406 0.653959 0.811523 0.661290 0.797852 0.662757 0.795898 0.668622 0.791016 0.668622 0.780273 0.680352 0.765625 0.675953 0.762695 0.681818 0.762695 0.697947 0.765625 0.702346 0.768555 0.699413 0.764648 0.684751 0.766602 0.678886 0.782227 0.690616 0.796875 0.680352 0.802734 0.683284 0.804688 0.675953 0.821289 0.670088 0.831055 0.659824 0.833984 0.651026 0.837891 0.656891 0.843750 0.655425 0.867188 0.631965 0.870117 0.639296 0.874023 0.637830 0.872070 0.633431
0 0.629883 0.480938 0.625000 0.475073 0.620117 0.483871 0.620117 0.491202
0 0.679688 0.441349 0.672852 0.434018 0.667969 0.441349 0.659180 0.442815 0.652344 0.451613 0.644531 0.451613 0.640625 0.460411 0.646484 0.456012 0.649414 0.460411 0.646484 0.467742 0.658203 0.460411 0.659180 0.456012 0.665039 0.453079 0.666992 0.445748 0.671875 0.448680
0 0.777344 0.357771 0.766602 0.363636 0.761719 0.370968 0.750000 0.375367 0.749023 0.381232 0.737305 0.381232 0.731445 0.390029 0.728516 0.387097 0.724609 0.394428 0.713867 0.398827 0.708984 0.409091 0.685547 0.422287 0.687500 0.431085 0.693359 0.432551 0.696289 0.426686 0.702148 0.426686 0.711914 0.413490 0.720703 0.417889 0.721680 0.413490 0.717773 0.409091 0.721680 0.403226 0.731445 0.406158 0.734375 0.394428 0.742188 0.403226 0.744141 0.394428 0.750977 0.385630 0.754883 0.385630 0.755859 0.379765 0.761719 0.378299 0.763672 0.370968 0.767578 0.373900 0.765625 0.370968 0.769531 0.365103 0.774414 0.365103
0 0.537109 0.240469 0.534180 0.236070 0.528320 0.244868 0.523438 0.239003 0.519531 0.240469 0.522461 0.249267 0.519531 0.256598 0.530273 0.253666 0.530273 0.246334 0.534180 0.247801
0 0.561523 0.215543 0.555664 0.217009 0.549805 0.230205
0 0.656250 0.117302 0.651367 0.117302 0.649414 0.121701 0.646484 0.118768 0.645508 0.126100 0.635742 0.126100 0.630859 0.131965 0.629883 0.142229 0.626953 0.145161 0.619141 0.142229 0.618164 0.152493 0.610352 0.151026 0.612305 0.155425 0.609375 0.156891 0.608398 0.164223 0.603516 0.159824 0.602539 0.168622 0.597656 0.165689 0.588867 0.175953 0.585938 0.184751 0.579102 0.186217 0.557617 0.208211 0.562500 0.205279 0.563477 0.209677 0.567383 0.209677 0.565430 0.202346 0.568359 0.197947 0.572266 0.199413 0.572266 0.205279 0.582031 0.192082 0.596680 0.181818 0.597656 0.174487 0.605469 0.174487 0.607422 0.168622 0.619141 0.162757 0.620117 0.155425 0.626953 0.162757 0.625000 0.152493 0.627930 0.146628 0.639648 0.145161 0.636719 0.140762 0.649414 0.134897 0.649414 0.129032 0.653320 0.124633 0.658203 0.127566 0.653320 0.124633
0 0.671875 0.099707 0.666016 0.107038 0.670898 0.107038
0 0.437500 0.023460 0.431641 0.023460 0.430664 0.032258 0.425781 0.029326 0.427734 0.032258 0.424805 0.033724 0.421875 0.045455 0.436523 0.030792
0 0.455078 0.000000 0.444336 0.000000 0.446289 0.007331 0.441406 0.013196 0.445312 0.017595