0 0.819336 0.978006 0.815430 0.982405 0.818359 0.985337
0 0.851562 0.976540 0.848633 0.975073 0.847656 0.980938
0 0.665039 0.912023 0.669922 0.913490 0.670898 0.909091 0.666992 0.907625
0 0.682617 0.854839 0.678711 0.859238 0.682617 0.859238
0 0.694336 0.850440 0.690430 0.854839 0.691406 0.857771 0.695312 0.854839
0 0.539062 0.778592 0.538086 0.784457 0.541016 0.784457
0 0.777344 0.763930 0.773438 0.766862 0.774414 0.771261 0.777344 0.769795
0 0.750977 0.725806 0.748047 0.727273 0.748047 0.734604 0.750977 0.733138
0 0.561523 0.721408 0.555664 0.727273 0.558594 0.728739
0 0.798828 0.709677 0.797852 0.714076 0.800781 0.714076 0.801758 0.711144
0 0.574219 0.702346 0.570312 0.705279 0.571289 0.709677 0.574219 0.708211
0 0.550781 0.700880 0.546875 0.702346 0.546875 0.708211
0 0.685547 0.677419 0.683594 0.687683 0.687500 0.680352
0 0.825195 0.662757 0.824219 0.667155 0.828125 0.671554 0.830078 0.664223
0 0.877930 0.655425 0.875977 0.659824 0.879883 0.662757 0.880859 0.655425
0 0.696289 0.652493 0.699219 0.656891 0.700195 0.652493
0 0.736328 0.605572 0.739258 0.609971 0.740234 0.604106
0 0.416992 0.517595 0.414062 0.516129 0.412109 0.523460 0.416992 0.521994
0 0.248047 0.478006 0.245117 0.488270 0.249023 0.488270
0 0.107422 0.478006 0.103516 0.478006 0.103516 0.482405
0 0.433594 0.475073 0.430664 0.475073 0.427734 0.488270 0.432617 0.488270
0 0.577148 0.467742 0.573242 0.469208 0.573242 0.473607
0 0.720703 0.442815 0.718750 0.442815 0.718750 0.450147 0.721680 0.447214
0 0.603516 0.429619 0.600586 0.432551 0.604492 0.436950
0 0.463867 0.422287 0.459961 0.422287 0.458984 0.428152 0.462891 0.428152
0 0.735352 0.417889 0.734375 0.422287 0.738281 0.425220 0.740234 0.419355
0 0.489258 0.407625 0.485352 0.412023 0.489258 0.412023
0 0.605469 0.400293 0.601562 0.406158 0.604492 0.407625
0 0.117188 0.401760 0.115234 0.400293 0.113281 0.406158
0 0.482422 0.395894 0.479492 0.397361 0.480469 0.403226
0 0.473633 0.395894 0.470703 0.395894 0.468750 0.403226 0.472656 0.403226
0 0.526367 0.368035 0.520508 0.373900 0.521484 0.379765 0.526367 0.376833
0 0.130859 0.359238 0.128906 0.369501 0.125000 0.372434 0.125977 0.378299 0.132812 0.365103
0 0.507812 0.341642 0.504883 0.338710 0.501953 0.347507 0.505859 0.347507
0 0.291016 0.338710 0.289062 0.346041 0.292969 0.347507 0.294922 0.340176
0 0.670898 0.334311 0.666016 0.341642 0.666992 0.347507 0.670898 0.346041
0 0.556641 0.290323 0.553711 0.288856 0.551758 0.294721 0.553711 0.296188
0 0.310547 0.282991 0.307617 0.282991 0.305664 0.293255 0.311523 0.287390
0 0.714844 0.280059 0.712891 0.285924 0.717773 0.287390 0.717773 0.280059
0 0.598633 0.274194 0.594727 0.274194 0.593750 0.280059 0.597656 0.280059
0 0.579102 0.246334 0.576172 0.247801 0.577148 0.252199
0 0.625000 0.236070 0.622070 0.243402 0.625977 0.241935
0 0.333008 0.221408 0.329102 0.224340 0.330078 0.231672 0.333984 0.227273
0 0.150391 0.218475 0.147461 0.219941 0.147461 0.225806 0.151367 0.221408
0 0.344727 0.215543 0.341797 0.221408 0.343750 0.228739 0.348633 0.222874
0 0.156250 0.186217 0.153320 0.193548 0.157227 0.192082
0 0.373047 0.171554 0.369141 0.173021 0.369141 0.177419 0.372070 0.177419
0 0.490234 0.167155 0.486328 0.170088 0.488281 0.174487
0 0.273438 0.153959 0.275391 0.159824 0.276367 0.153959
0 0.183594 0.140762 0.182617 0.145161 0.185547 0.145161 0.186523 0.142229
0 0.201172 0.127566 0.199219 0.126100 0.197266 0.133431
0 0.197266 0.112903 0.193359 0.112903 0.191406 0.118768 0.196289 0.117302
0 0.430664 0.109971 0.429688 0.115836 0.432617 0.115836 0.433594 0.109971
0 0.303711 0.105572 0.299805 0.105572 0.299805 0.112903 0.303711 0.109971
0 0.203125 0.079179 0.199219 0.086510 0.200195 0.090909 0.204102 0.086510
0 0.208984 0.074780 0.212891 0.077713 0.212891 0.073314
0 0.452148 0.068915 0.449219 0.065982 0.447266 0.071848
0 0.218750 0.065982 0.216797 0.073314 0.220703 0.076246 0.223633 0.070381