0 0.754883 0.756598 0.750000 0.775660 0.754883 0.765396
0 0.765625 0.715543 0.760742 0.724340 0.758789 0.739003 0.762695 0.734604 0.761719 0.728739 0.764648 0.727273
0 0.780273 0.646628 0.765625 0.709677 0.768555 0.697947 0.771484 0.696481 0.772461 0.677419
0 0.811523 0.542522 0.804688 0.570381 0.811523 0.551320
0 0.824219 0.486804 0.813477 0.526393 0.815430 0.526393
0 0.833008 0.464809 0.828125 0.494135 0.819336 0.520528 0.819336 0.532258 0.813477 0.548387 0.812500 0.564516 0.809570 0.567449 0.807617 0.580645 0.803711 0.583578 0.803711 0.574780 0.800781 0.583578 0.791016 0.645161 0.788086 0.646628 0.788086 0.658358 0.784180 0.665689 0.784180 0.673021 0.781250 0.674487 0.781250 0.692082 0.766602 0.744868 0.765625 0.762463 0.758789 0.790323 0.753906 0.799120 0.750000 0.825513 0.743164 0.844575 0.748047 0.832845 0.750000 0.835777 0.751953 0.832845 0.749023 0.832845 0.749023 0.826979 0.763672 0.797654 0.765625 0.802053 0.772461 0.777126 0.775391 0.775660 0.775391 0.762463 0.779297 0.762463 0.778320 0.769795 0.781250 0.752199 0.795898 0.705279 0.796875 0.692082 0.802734 0.680352 0.803711 0.665689 0.809570 0.661290 0.806641 0.655425 0.811523 0.653959 0.808594 0.652493 0.812500 0.645161 0.811523 0.631965 0.814453 0.629032 0.819336 0.598240 0.824219 0.586510 0.822266 0.583578 0.827148 0.574780 0.825195 0.565982 0.830078 0.538123 0.827148 0.536657 0.828125 0.510264 0.833984 0.502933 0.836914 0.482405 0.833984 0.486804 0.831055 0.480938
0 0.356445 0.359238 0.354492 0.359238 0.354492 0.387097
0 0.577148 0.326979 0.575195 0.326979 0.573242 0.341642 0.575195 0.350440 0.572266 0.354839 0.568359 0.404692 0.560547 0.450147 0.560547 0.472141 0.564453 0.461877 0.565430 0.436950 0.570312 0.420821 0.568359 0.417889 0.572266 0.397361 0.571289 0.375367 0.575195 0.368035
0 0.586914 0.151026 0.578125 0.297654 0.580078 0.275660 0.583008 0.271261 0.581055 0.268328 0.583984 0.263930 0.583008 0.253666 0.585938 0.240469 0.583984 0.237537 0.586914 0.231672
0 0.608398 0.133431 0.604492 0.143695 0.604492 0.159824 0.600586 0.173021 0.602539 0.180352 0.596680 0.230205 0.593750 0.228739 0.595703 0.224340 0.593750 0.222874 0.595703 0.215543 0.593750 0.215543 0.593750 0.241935 0.595703 0.233138 0.596680 0.243402 0.591797 0.247801 0.588867 0.271261 0.586914 0.318182 0.581055 0.359238 0.583984 0.372434 0.582031 0.381232 0.578125 0.384164 0.571289 0.458944 0.563477 0.500000 0.562500 0.527859 0.556641 0.552786 0.555664 0.577713 0.550781 0.589443 0.553711 0.607038 0.544922 0.649560 0.548828 0.643695 0.547852 0.653959 0.554688 0.645161 0.560547 0.612903 0.562500 0.620235 0.562500 0.599707 0.565430 0.598240 0.567383 0.604106 0.571289 0.582111 0.570312 0.571848 0.580078 0.560117 0.590820 0.494135 0.593750 0.492669 0.598633 0.470674 0.596680 0.467742 0.608398 0.401760 0.602539 0.406158 0.603516 0.388563 0.606445 0.382698 0.608398 0.385630 0.611328 0.359238 0.608398 0.360704 0.608398 0.332845 0.611328 0.325513 0.608398 0.181818 0.605469 0.180352
0 0.334961 0.052786 0.335938 0.082111 0.337891 0.082111 0.336914 0.052786
0 0.336914 0.014663 0.333984 0.019062 0.334961 0.049853 0.337891 0.041056 0.334961 0.038123 0.336914 0.032258 0.334961 0.029326 0.337891 0.024927 0.333984 0.020528
0 0.353516 0.000000 0.354492 0.017595 0.350586 0.019062 0.350586 0.030792 0.347656 0.033724 0.348633 0.027859 0.344727 0.024927 0.347656 0.048387 0.347656 0.087977 0.349609 0.089443 0.347656 0.090909 0.349609 0.093842 0.347656 0.139296 0.349609 0.136364 0.353516 0.145161 0.351562 0.158358 0.353516 0.170088 0.351562 0.177419 0.353516 0.181818 0.351562 0.184751 0.353516 0.190616 0.351562 0.192082 0.353516 0.193548 0.351562 0.205279 0.353516 0.208211 0.353516 0.236070 0.351562 0.237537 0.353516 0.239003 0.353516 0.260997 0.351562 0.262463 0.353516 0.265396 0.351562 0.266862 0.353516 0.329912 0.350586 0.348974 0.356445 0.346041 0.358398 0.337243 0.356445 0.328446 0.356445 0.334311 0.353516 0.334311 0.356445 0.285924 0.353516 0.287390 0.353516 0.265396 0.358398 0.256598 0.357422 0.312317 0.359375 0.316716 0.356445 0.318182 0.359375 0.321114 0.356445 0.325513 0.359375 0.324047 0.359375 0.357771 0.362305 0.360704 0.360352 0.365103 0.362305 0.369501 0.360352 0.376833 0.363281 0.379765 0.360352 0.388563 0.363281 0.392962 0.362305 0.412023 0.365234 0.406158 0.368164 0.410557 0.366211 0.406158 0.371094 0.395894 0.374023 0.335777 0.376953 0.325513 0.375000 0.319648 0.377930 0.307918 0.380859 0.309384 0.378906 0.348974 0.382812 0.321114 0.385742 0.322581 0.384766 0.331378 0.386719 0.329912 0.389648 0.300587 0.389648 0.252199 0.392578 0.252199 0.390625 0.211144 0.393555 0.209677 0.390625 0.206745 0.392578 0.193548 0.389648 0.186217 0.389648 0.137830 0.386719 0.139296 0.386719 0.121701 0.381836 0.112903 0.380859 0.098240 0.381836 0.126100 0.379883 0.130499 0.376953 0.126100 0.376953 0.086510 0.375000 0.085044 0.376953 0.083578 0.369141 0.057185 0.365234 0.102639 0.362305 0.095308 0.364258 0.090909 0.361328 0.077713 0.359375 0.020528 0.359375 0.026393 0.356445 0.026393 0.356445 0.019062 0.359375 0.016129 0.355469 0.014663
0 0.332031 0.000000 0.333984 0.004399 0.332031 0.014663 0.333984 0.014663 0.336914 0.001466 0.334961 0.000000 0.333984 0.004399
0 0.106445 0.000000 0.109375 0.008798 0.107422 0.019062 0.110352 0.024927 0.109375 0.042522 0.118164 0.090909 0.113281 0.099707 0.112305 0.083578 0.110352 0.095308 0.113281 0.124633 0.116211 0.118768 0.119141 0.120235 0.119141 0.131965 0.113281 0.129032 0.118164 0.158358 0.119141 0.196481 0.121094 0.199413 0.119141 0.192082 0.122070 0.190616 0.125000 0.202346 0.124023 0.206745 0.120117 0.205279 0.122070 0.208211 0.120117 0.212610 0.122070 0.218475 0.122070 0.214076 0.125000 0.214076 0.125000 0.255132 0.130859 0.284457 0.128906 0.299120 0.131836 0.293255 0.133789 0.294721 0.133789 0.303519 0.128906 0.303519 0.133789 0.318182 0.131836 0.321114 0.135742 0.322581 0.133789 0.329912 0.134766 0.326979 0.137695 0.331378 0.135742 0.348974 0.137695 0.350440 0.134766 0.357771 0.138672 0.356305 0.138672 0.363636 0.142578 0.370968 0.145508 0.360704 0.143555 0.354839 0.145508 0.338710 0.143555 0.337243 0.146484 0.334311 0.146484 0.319648 0.149414 0.319648 0.150391 0.329912 0.153320 0.321114 0.155273 0.326979 0.156250 0.307918 0.159180 0.312317 0.157227 0.313783 0.159180 0.322581 0.158203 0.285924 0.161133 0.282991 0.161133 0.244868 0.156250 0.200880 0.158203 0.199413 0.156250 0.192082 0.159180 0.190616 0.159180 0.177419 0.156250 0.173021 0.158203 0.167155 0.156250 0.173021 0.153320 0.146628 0.154297 0.183284 0.151367 0.184751 0.152344 0.177419 0.149414 0.173021 0.146484 0.145161 0.148438 0.130499 0.145508 0.108504 0.146484 0.121701 0.143555 0.123167 0.140625 0.115836 0.139648 0.079179 0.134766 0.065982 0.134766 0.052786 0.131836 0.061584 0.129883 0.046921 0.126953 0.042522 0.122070 0.045455 0.119141 0.035191 0.122070 0.032258 0.121094 0.024927 0.118164 0.026393 0.114258 0.000000
0 0.083984 0.000000 0.106445 0.178886 0.104492 0.183284 0.107422 0.200880 0.109375 0.186217 0.112305 0.197947 0.110352 0.200880 0.112305 0.203812 0.109375 0.205279 0.109375 0.255132 0.114258 0.288856 0.115234 0.266862 0.118164 0.268328 0.118164 0.282991 0.118164 0.253666 0.108398 0.152493 0.108398 0.126100 0.098633 0.048387 0.093750 0.046921 0.094727 0.041056 0.096680 0.045455 0.098633 0.042522 0.093750 0.038123 0.095703 0.033724 0.092773 0.029326 0.095703 0.030792 0.090820 0.021994 0.092773 0.016129 0.087891 0.008798 0.090820 0.005865 0.088867 0.004399 0.087891 0.008798 0.087891 0.000000