0 0.764648 0.907625 0.759766 0.912023 0.762695 0.917889 0.767578 0.913490
0 0.813477 0.844575 0.812500 0.853372 0.815430 0.853372 0.817383 0.846041
0 0.803711 0.816716 0.797852 0.816716 0.796875 0.824047 0.802734 0.824047
0 0.836914 0.815249 0.832031 0.813783 0.833984 0.821114 0.828125 0.825513 0.829102 0.834311 0.836914 0.825513
0 0.828125 0.813783 0.823242 0.816716 0.825195 0.821114 0.828125 0.819648
0 0.881836 0.803519 0.883789 0.810850 0.884766 0.804985
0 0.872070 0.794721 0.865234 0.803519 0.867188 0.812317 0.874023 0.807918
0 0.822266 0.791789 0.818359 0.788856 0.815430 0.796188 0.819336 0.797654
0 0.853516 0.778592 0.854492 0.784457 0.858398 0.782991 0.858398 0.778592
0 0.835938 0.778592 0.833984 0.788856 0.839844 0.790323 0.842773 0.780059
0 0.880859 0.771261 0.881836 0.778592 0.887695 0.774194 0.886719 0.769795
0 0.894531 0.762463 0.896484 0.768328 0.906250 0.763930 0.903320 0.758065
0 0.860352 0.756598 0.859375 0.763930 0.862305 0.763930 0.864258 0.758065
0 0.920898 0.756598 0.916992 0.755132 0.916016 0.760997
0 0.882812 0.746334 0.882812 0.753666 0.884766 0.753666 0.886719 0.747801
0 0.656250 0.709677 0.656250 0.714076 0.661133 0.712610 0.661133 0.708211
0 0.673828 0.652493 0.666992 0.653959 0.666016 0.662757 0.670898 0.661290
0 0.707031 0.634897 0.706055 0.639296 0.708984 0.642229 0.710938 0.637830
0 0.671875 0.629032 0.672852 0.637830 0.680664 0.633431 0.679688 0.626100
0 0.722656 0.624633 0.722656 0.627566 0.728516 0.624633 0.727539 0.621701
0 0.711914 0.617302 0.707031 0.617302 0.706055 0.624633 0.711914 0.623167
0 0.693359 0.605572 0.694336 0.614370 0.699219 0.612903 0.699219 0.605572
0 0.703125 0.587977 0.704102 0.604106 0.708008 0.604106 0.708008 0.598240 0.703125 0.595308 0.705078 0.592375
0 0.750000 0.574780 0.745117 0.579179 0.748047 0.585044 0.751953 0.580645
0 0.733398 0.573314 0.729492 0.580645 0.733398 0.580645
0 0.712891 0.564516 0.711914 0.571848 0.714844 0.571848 0.715820 0.567449
0 0.753906 0.535191 0.750977 0.543988 0.755859 0.545455 0.757812 0.539589
0 0.730469 0.535191 0.724609 0.541056 0.727539 0.549853 0.733398 0.543988
0 0.774414 0.523460 0.765625 0.526393 0.766602 0.533724
0 0.748047 0.516129 0.748047 0.520528 0.752930 0.520528 0.751953 0.516129
0 0.548828 0.511730 0.544922 0.519062 0.548828 0.516129
0 0.753906 0.494135 0.753906 0.500000 0.757812 0.500000 0.757812 0.494135
0 0.713867 0.494135 0.717773 0.500000 0.717773 0.492669
0 0.794922 0.489736 0.796875 0.495601 0.802734 0.491202 0.801758 0.488270
0 0.568359 0.479472 0.568359 0.483871 0.571289 0.483871 0.571289 0.479472
0 0.744141 0.475073 0.744141 0.478006 0.749023 0.478006 0.747070 0.473607
0 0.586914 0.457478 0.582031 0.460411 0.582031 0.464809 0.586914 0.464809
0 0.756836 0.456012 0.753906 0.464809 0.758789 0.467742 0.761719 0.457478
0 0.587891 0.428152 0.582031 0.432551 0.584961 0.441349 0.589844 0.435484
0 0.606445 0.419355 0.597656 0.419355 0.593750 0.431085 0.596680 0.439883 0.601562 0.439883 0.608398 0.431085
0 0.592773 0.395894 0.589844 0.404692 0.584961 0.404692 0.584961 0.409091 0.592773 0.406158
0 0.399414 0.387097 0.394531 0.387097 0.391602 0.394428 0.393555 0.397361 0.399414 0.394428
0 0.577148 0.372434 0.572266 0.378299 0.577148 0.379765
0 0.598633 0.370968 0.594727 0.370968 0.593750 0.378299 0.596680 0.378299
0 0.391602 0.363636 0.396484 0.369501 0.396484 0.360704
0 0.611328 0.356305 0.607422 0.357771 0.609375 0.365103
0 0.667969 0.347507 0.665039 0.348974 0.666016 0.354839
0 0.436523 0.340176 0.429688 0.337243 0.425781 0.343109 0.425781 0.350440 0.430664 0.350440
0 0.601562 0.325513 0.596680 0.329912 0.599609 0.335777 0.603516 0.328446
0 0.617188 0.310850 0.610352 0.315249 0.612305 0.322581 0.618164 0.318182
0 0.683594 0.306452 0.678711 0.304985 0.677734 0.312317 0.681641 0.312317
0 0.644531 0.285924 0.638672 0.296188 0.641602 0.303519 0.646484 0.304985 0.652344 0.299120 0.652344 0.291789
0 0.577148 0.287390 0.571289 0.287390 0.569336 0.299120 0.572266 0.299120
0 0.445312 0.282991 0.441406 0.287390 0.443359 0.291789 0.440430 0.296188 0.441406 0.300587 0.446289 0.294721
0 0.619141 0.263930 0.616211 0.266862 0.618164 0.271261 0.621094 0.268328
0 0.680664 0.262463 0.677734 0.266862 0.678711 0.271261 0.683594 0.266862
0 0.665039 0.259531 0.662109 0.262463 0.663086 0.266862
0 0.467773 0.262463 0.463867 0.259531 0.459961 0.262463 0.459961 0.266862 0.464844 0.268328
0 0.272461 0.259531 0.272461 0.268328 0.275391 0.272727 0.278320 0.263930
0 0.438477 0.256598 0.440430 0.260997 0.443359 0.255132
0 0.702148 0.246334 0.698242 0.253666 0.705078 0.252199
0 0.463867 0.246334 0.462891 0.256598 0.467773 0.256598 0.467773 0.246334
0 0.718750 0.240469 0.718750 0.247801 0.720703 0.247801 0.721680 0.240469
0 0.477539 0.236070 0.475586 0.241935 0.480469 0.243402
0 0.309570 0.236070 0.306641 0.240469 0.307617 0.244868 0.311523 0.243402
0 0.491211 0.234604 0.491211 0.241935 0.499023 0.239003 0.497070 0.233138
0 0.695312 0.233138 0.688477 0.234604 0.688477 0.241935 0.692383 0.243402
0 0.505859 0.225806 0.506836 0.230205 0.509766 0.228739
0 0.482422 0.217009 0.482422 0.221408 0.486328 0.224340 0.486328 0.215543
0 0.621094 0.212610 0.616211 0.217009 0.616211 0.225806 0.622070 0.219941
0 0.500000 0.209677 0.497070 0.212610 0.500000 0.218475 0.501953 0.215543
0 0.717773 0.197947 0.711914 0.203812 0.712891 0.218475 0.717773 0.218475 0.715820 0.205279 0.721680 0.208211
0 0.660156 0.187683 0.662109 0.192082 0.665039 0.190616 0.664062 0.186217
0 0.533203 0.186217 0.529297 0.186217 0.529297 0.196481 0.533203 0.192082
0 0.520508 0.186217 0.515625 0.187683 0.516602 0.197947 0.520508 0.196481
0 0.421875 0.186217 0.416992 0.189150 0.416992 0.200880 0.420898 0.197947
0 0.296875 0.183284 0.293945 0.187683 0.294922 0.196481 0.299805 0.190616
0 0.725586 0.178886 0.727539 0.190616 0.730469 0.183284
0 0.670898 0.175953 0.666992 0.178886 0.666992 0.184751 0.670898 0.184751
0 0.332031 0.170088 0.329102 0.174487 0.333984 0.177419 0.334961 0.173021
0 0.436523 0.161290 0.432617 0.164223 0.432617 0.168622 0.436523 0.167155
0 0.664062 0.155425 0.660156 0.155425 0.656250 0.162757 0.661133 0.162757
0 0.345703 0.131965 0.341797 0.133431 0.343750 0.145161 0.348633 0.139296
0 0.331055 0.129032 0.328125 0.129032 0.326172 0.136364 0.330078 0.134897
0 0.556641 0.117302 0.556641 0.124633 0.561523 0.124633 0.562500 0.117302
0 0.325195 0.117302 0.326172 0.121701 0.330078 0.120235 0.330078 0.117302
0 0.557617 0.104106 0.559570 0.111437 0.564453 0.108504 0.561523 0.102639
0 0.699219 0.099707 0.694336 0.099707 0.694336 0.104106
0 0.502930 0.090909 0.500000 0.093842 0.500977 0.098240 0.504883 0.093842
0 0.200195 0.090909 0.198242 0.096774 0.202148 0.098240 0.202148 0.090909
0 0.374023 0.085044 0.370117 0.086510 0.369141 0.092375 0.374023 0.092375
0 0.180664 0.076246 0.177734 0.085044 0.181641 0.083578
0 0.333984 0.074780 0.332031 0.080645 0.334961 0.080645
0 0.361328 0.063050 0.357422 0.063050 0.354492 0.070381 0.356445 0.073314 0.361328 0.068915
0 0.192383 0.051320 0.188477 0.052786 0.188477 0.060117 0.192383 0.060117
0 0.393555 0.046921 0.394531 0.051320 0.397461 0.049853
0 0.173828 0.046921 0.169922 0.048387 0.166992 0.057185 0.168945 0.060117 0.173828 0.054252
0 0.350586 0.024927 0.347656 0.033724 0.352539 0.038123 0.355469 0.029326
0 0.384766 0.001466 0.386719 0.008798 0.389648 0.004399
0 0.406250 0.000000 0.403320 0.004399 0.404297 0.013196 0.409180 0.007331
0 0.208008 0.000000 0.204102 0.001466 0.204102 0.010264 0.209961 0.007331