0 0.196289 0.957478 0.191406 0.961877 0.193359 0.979472 0.194336 0.972141 0.197266 0.970674
0 0.209961 0.926686 0.203125 0.957478 0.205078 0.957478
0 0.227539 0.914956 0.221680 0.922287 0.221680 0.932551 0.216797 0.948680 0.218750 0.953079 0.212891 0.967742 0.215820 0.979472 0.210938 0.985337 0.208984 0.995601 0.214844 0.995601 0.216797 0.989736 0.218750 0.995601 0.221680 0.985337 0.218750 0.986804 0.215820 0.978006 0.219727 0.967742 0.228516 0.964809 0.227539 0.954545 0.230469 0.953079 0.231445 0.938416 0.227539 0.932551
0 0.227539 0.901760 0.222656 0.906158 0.227539 0.906158
0 0.231445 0.878299 0.228516 0.888563 0.229492 0.897361 0.233398 0.894428
0 0.244141 0.875367 0.238281 0.884164 0.237305 0.894428 0.244141 0.882698
0 0.224609 0.875367 0.219727 0.879765 0.219727 0.887097 0.225586 0.882698
0 0.231445 0.860704 0.229492 0.870968 0.233398 0.866569 0.234375 0.872434 0.234375 0.860704
0 0.261719 0.815249 0.250000 0.822581 0.250977 0.840176 0.255859 0.834311 0.255859 0.826979
0 0.420898 0.803519 0.418945 0.815249 0.421875 0.834311 0.416992 0.846041 0.417969 0.856305 0.413086 0.854839 0.413086 0.828446 0.409180 0.825513 0.411133 0.821114 0.409180 0.816716 0.406250 0.818182 0.407227 0.834311 0.404297 0.844575 0.397461 0.846041 0.398438 0.859238 0.395508 0.873900 0.387695 0.859238 0.387695 0.851906 0.377930 0.846041 0.380859 0.850440 0.382812 0.873900 0.390625 0.878299 0.390625 0.887097 0.395508 0.878299 0.398438 0.897361 0.401367 0.891496 0.407227 0.895894 0.413086 0.894428 0.413086 0.900293 0.416992 0.903226 0.416016 0.913490 0.426758 0.909091 0.424805 0.898827 0.427734 0.888563 0.431641 0.887097 0.426758 0.882698 0.427734 0.872434 0.434570 0.859238 0.431641 0.847507 0.433594 0.844575 0.427734 0.829912 0.426758 0.809384 0.421875 0.812317
0 0.265625 0.790323 0.265625 0.796188 0.260742 0.802053 0.262695 0.803519 0.267578 0.796188
0 0.258789 0.769795 0.255859 0.780059 0.258789 0.778592
0 0.237305 0.765396 0.229492 0.775660 0.222656 0.794721 0.221680 0.807918 0.213867 0.821114 0.213867 0.829912 0.209961 0.828446 0.207031 0.837243 0.208984 0.843109 0.204102 0.846041 0.201172 0.856305 0.207031 0.881232 0.200195 0.887097 0.203125 0.904692 0.198242 0.907625 0.197266 0.925220 0.193359 0.935484 0.197266 0.953079 0.202148 0.938416 0.203125 0.916422 0.209961 0.900293 0.209961 0.884164 0.227539 0.853372 0.227539 0.837243 0.230469 0.831378 0.228516 0.822581 0.234375 0.806452 0.237305 0.810850 0.246094 0.797654 0.246094 0.793255 0.241211 0.796188 0.244141 0.790323 0.243164 0.778592 0.237305 0.778592 0.239258 0.769795
0 0.429688 0.755132 0.429688 0.784457 0.431641 0.784457 0.434570 0.775660 0.431641 0.772727 0.433594 0.768328 0.430664 0.765396 0.431641 0.755132
0 0.421875 0.750733 0.424805 0.760997 0.421875 0.766862 0.423828 0.774194 0.426758 0.765396
0 0.264648 0.750733 0.261719 0.744868 0.250000 0.746334 0.245117 0.756598 0.248047 0.760997 0.250000 0.756598 0.254883 0.759531 0.256836 0.755132 0.261719 0.759531
0 0.442383 0.711144 0.437500 0.709677 0.437500 0.717009 0.433594 0.724340 0.428711 0.714076 0.425781 0.718475 0.425781 0.730205 0.428711 0.731672 0.431641 0.725806 0.436523 0.733138
0 0.437500 0.681818 0.437500 0.702346 0.440430 0.703812 0.440430 0.687683
0 0.429688 0.609971 0.436523 0.618768 0.436523 0.605572
0 0.736328 0.601173 0.732422 0.605572 0.732422 0.612903 0.737305 0.608504
0 0.553711 0.555718 0.555664 0.576246 0.560547 0.587977 0.562500 0.615836 0.572266 0.630499 0.579102 0.655425 0.584961 0.664223 0.583984 0.686217 0.587891 0.696481 0.587891 0.714076 0.591797 0.727273 0.596680 0.721408 0.601562 0.725806 0.605469 0.721408 0.603516 0.714076 0.599609 0.712610 0.599609 0.695015 0.593750 0.686217 0.596680 0.671554 0.592773 0.667155 0.592773 0.656891 0.595703 0.655425 0.595703 0.648094 0.590820 0.629032 0.592773 0.624633 0.587891 0.615836 0.589844 0.611437 0.575195 0.579179 0.573242 0.579179 0.575195 0.599707 0.571289 0.601173 0.565430 0.595308 0.564453 0.590909 0.568359 0.590909 0.565430 0.577713 0.558594 0.576246 0.561523 0.568915
0 0.387695 0.546921 0.389648 0.554252 0.389648 0.546921
0 0.398438 0.539589 0.400391 0.548387 0.397461 0.558651 0.406250 0.558651 0.406250 0.565982 0.401367 0.570381 0.400391 0.580645 0.394531 0.582111 0.388672 0.593842 0.378906 0.570381 0.375000 0.573314 0.375000 0.585044 0.377930 0.593842 0.375977 0.599707 0.378906 0.602639 0.377930 0.614370 0.381836 0.621701 0.382812 0.651026 0.378906 0.652493 0.381836 0.658358 0.380859 0.667155 0.384766 0.675953 0.385742 0.693548 0.390625 0.692082 0.390625 0.699413 0.385742 0.708211 0.390625 0.731672 0.396484 0.733138 0.394531 0.753666 0.400391 0.760997 0.398438 0.765396 0.401367 0.768328 0.401367 0.780059 0.405273 0.782991 0.406250 0.774194 0.403320 0.766862 0.405273 0.733138 0.399414 0.730205 0.405273 0.699413 0.400391 0.690616 0.403320 0.684751 0.399414 0.667155 0.402344 0.655425 0.400391 0.637830 0.402344 0.630499 0.397461 0.624633 0.402344 0.615836 0.400391 0.602639 0.402344 0.593842 0.405273 0.592375 0.405273 0.583578 0.409180 0.580645 0.406250 0.582111 0.405273 0.577713 0.409180 0.564516 0.413086 0.563050 0.412109 0.554252 0.415039 0.545455 0.409180 0.546921 0.406250 0.539589 0.405273 0.545455 0.401367 0.545455 0.402344 0.539589
0 0.690430 0.536657 0.691406 0.548387 0.700195 0.557185 0.695312 0.539589
0 0.550781 0.532258 0.549805 0.538123 0.552734 0.542522 0.554688 0.535191
0 0.408203 0.520528 0.403320 0.526393 0.404297 0.533724 0.408203 0.529326
0 0.528320 0.508798 0.529297 0.516129 0.526367 0.520528 0.529297 0.523460 0.529297 0.530792 0.525391 0.533724 0.522461 0.517595 0.521484 0.533724 0.526367 0.551320 0.525391 0.561584 0.531250 0.577713 0.531250 0.570381 0.541016 0.554252 0.534180 0.538123 0.537109 0.530792 0.536133 0.521994
0 0.541992 0.497067 0.541992 0.510264 0.538086 0.510264 0.549805 0.526393 0.551758 0.524927 0.551758 0.501466 0.547852 0.497067 0.546875 0.504399
0 0.412109 0.466276 0.409180 0.488270 0.416016 0.492669 0.417969 0.483871
0 0.659180 0.419355 0.666016 0.441349 0.663086 0.445748 0.666992 0.450147 0.661133 0.448680 0.659180 0.436950 0.656250 0.436950 0.660156 0.453079 0.666992 0.457478 0.665039 0.464809 0.666992 0.473607 0.669922 0.467742 0.672852 0.469208 0.671875 0.482405 0.675781 0.488270 0.675781 0.497067 0.680664 0.501466 0.680664 0.485337 0.678711 0.488270 0.674805 0.478006 0.674805 0.466276 0.677734 0.464809 0.684570 0.486804 0.690430 0.492669 0.688477 0.497067 0.691406 0.510264 0.696289 0.513196 0.698242 0.530792 0.703125 0.535191 0.703125 0.545455 0.708984 0.546921 0.718750 0.585044 0.728516 0.580645 0.731445 0.587977 0.728516 0.596774 0.733398 0.595308 0.734375 0.586510 0.728516 0.563050 0.730469 0.558651 0.727539 0.551320 0.721680 0.551320 0.717773 0.543988 0.717773 0.536657 0.714844 0.535191 0.712891 0.516129 0.715820 0.507331 0.712891 0.501466 0.714844 0.492669 0.710938 0.480938 0.706055 0.479472 0.696289 0.456012 0.693359 0.456012 0.696289 0.464809 0.693359 0.466276 0.686523 0.453079 0.686523 0.447214 0.676758 0.432551 0.669922 0.434018 0.662109 0.419355
0 0.628906 0.357771 0.628906 0.362170 0.632812 0.365103
0 0.622070 0.316716 0.619141 0.321114 0.620117 0.338710 0.624023 0.338710 0.622070 0.328446 0.626953 0.331378 0.638672 0.363636 0.638672 0.370968 0.633789 0.370968 0.633789 0.378299 0.637695 0.379765 0.637695 0.372434 0.643555 0.369501 0.640625 0.382698 0.637695 0.384164 0.640625 0.394428 0.655273 0.401760 0.653320 0.387097 0.646484 0.375367 0.648438 0.368035 0.640625 0.366569 0.643555 0.362170 0.636719 0.343109 0.631836 0.343109 0.629883 0.338710 0.633789 0.331378 0.632812 0.326979
0 0.503906 0.293255 0.503906 0.312317 0.500000 0.310850 0.500000 0.319648 0.505859 0.325513 0.497070 0.328446 0.500000 0.332845 0.497070 0.337243 0.500000 0.362170 0.496094 0.372434 0.490234 0.376833 0.484375 0.372434 0.484375 0.378299 0.488281 0.388563 0.496094 0.394428 0.505859 0.410557 0.508789 0.432551 0.503906 0.441349 0.505859 0.450147 0.502930 0.454545 0.502930 0.464809 0.506836 0.473607 0.510742 0.470674 0.509766 0.482405 0.515625 0.497067 0.515625 0.488270 0.523438 0.486804 0.521484 0.492669 0.525391 0.492669 0.532227 0.473607 0.541016 0.479472 0.542969 0.470674 0.537109 0.456012 0.539062 0.454545 0.536133 0.450147 0.536133 0.438416 0.528320 0.441349 0.525391 0.436950 0.526367 0.429619 0.529297 0.435484 0.531250 0.432551 0.530273 0.400293 0.526367 0.403226 0.522461 0.395894 0.519531 0.404692 0.514648 0.397361 0.515625 0.390029 0.520508 0.394428 0.522461 0.388563 0.528320 0.390029 0.528320 0.385630 0.517578 0.359238 0.518555 0.348974 0.515625 0.343109 0.517578 0.338710 0.508789 0.319648 0.511719 0.315249 0.508789 0.312317 0.507812 0.293255
0 0.613281 0.282991 0.617188 0.288856 0.617188 0.282991
0 0.625977 0.269795 0.625000 0.277126 0.627930 0.277126
0 0.610352 0.268328 0.609375 0.277126 0.612305 0.272727 0.614258 0.278592
0 0.631836 0.239003 0.623047 0.249267 0.625000 0.256598 0.622070 0.260997 0.625000 0.266862 0.632812 0.268328 0.634766 0.259531 0.637695 0.258065 0.643555 0.268328 0.639648 0.278592 0.634766 0.277126 0.628906 0.281525 0.640625 0.325513 0.649414 0.332845 0.649414 0.337243 0.646484 0.337243 0.656250 0.356305 0.654297 0.360704 0.656250 0.375367 0.663086 0.387097 0.663086 0.401760 0.671875 0.410557 0.675781 0.422287 0.678711 0.409091 0.684570 0.414956 0.685547 0.420821 0.687500 0.417889 0.686523 0.431085 0.681641 0.422287 0.678711 0.425220 0.682617 0.428152 0.685547 0.439883 0.690430 0.436950 0.691406 0.444282 0.697266 0.448680 0.699219 0.441349 0.690430 0.422287 0.692383 0.419355 0.686523 0.416422 0.686523 0.403226 0.684570 0.407625 0.680664 0.403226 0.684570 0.397361 0.681641 0.385630 0.677734 0.381232 0.669922 0.384164 0.670898 0.370968 0.662109 0.369501 0.662109 0.362170 0.666016 0.360704 0.659180 0.359238 0.656250 0.350440 0.658203 0.338710 0.653320 0.337243 0.649414 0.324047 0.652344 0.322581 0.648438 0.313783 0.652344 0.304985 0.649414 0.290323 0.653320 0.277126 0.642578 0.258065 0.636719 0.255132 0.637695 0.244868
0 0.578125 0.193548 0.579102 0.205279 0.586914 0.218475 0.592773 0.214076 0.583984 0.208211 0.590820 0.206745 0.585938 0.196481 0.581055 0.197947
0 0.727539 0.178886 0.731445 0.184751 0.730469 0.178886
0 0.610352 0.178886 0.612305 0.186217 0.609375 0.187683 0.609375 0.205279 0.613281 0.212610 0.613281 0.219941 0.609375 0.219941 0.612305 0.225806 0.610352 0.234604 0.629883 0.231672 0.630859 0.225806 0.627930 0.224340 0.624023 0.203812 0.621094 0.202346 0.617188 0.186217
0 0.732422 0.187683 0.734375 0.195015 0.743164 0.203812 0.742188 0.208211 0.737305 0.208211 0.738281 0.214076 0.748047 0.217009 0.741211 0.219941 0.750000 0.234604 0.753906 0.234604 0.753906 0.241935 0.761719 0.244868 0.772461 0.263930 0.772461 0.271261 0.766602 0.269795 0.766602 0.272727 0.781250 0.291789 0.785156 0.309384 0.791016 0.315249 0.795898 0.313783 0.796875 0.319648 0.806641 0.329912 0.813477 0.359238 0.818359 0.360704 0.817383 0.351906 0.821289 0.351906 0.832031 0.378299 0.837891 0.379765 0.827148 0.356305 0.827148 0.344575 0.833008 0.346041 0.830078 0.334311 0.822266 0.324047 0.818359 0.324047 0.820312 0.328446 0.818359 0.334311 0.806641 0.319648 0.802734 0.302053 0.816406 0.318182 0.818359 0.306452 0.811523 0.290323 0.811523 0.282991 0.801758 0.271261 0.801758 0.262463 0.784180 0.241935 0.781250 0.234604 0.784180 0.227273 0.780273 0.219941 0.780273 0.212610 0.765625 0.193548 0.759766 0.196481 0.751953 0.184751 0.754883 0.178886 0.748047 0.183284 0.747070 0.175953 0.744141 0.174487 0.745117 0.181818 0.750000 0.186217 0.750000 0.199413 0.740234 0.187683
0 0.890625 0.161290 0.897461 0.173021 0.899414 0.171554 0.892578 0.159824
0 0.729492 0.155425 0.735352 0.162757 0.740234 0.162757 0.736328 0.156891 0.734375 0.159824
0 0.901367 0.152493 0.901367 0.158358 0.905273 0.162757
0 0.718750 0.136364 0.727539 0.148094 0.727539 0.133431
0 0.694336 0.071848 0.690430 0.080645 0.694336 0.108504 0.690430 0.111437 0.699219 0.117302 0.703125 0.127566 0.706055 0.127566 0.703125 0.124633 0.705078 0.117302 0.717773 0.130499 0.718750 0.123167 0.723633 0.120235 0.721680 0.112903 0.723633 0.104106 0.702148 0.071848
0 0.691406 0.058651 0.690430 0.065982 0.699219 0.068915 0.699219 0.063050
0 0.791992 0.020528 0.798828 0.026393 0.795898 0.020528
0 0.804688 0.011730 0.800781 0.019062 0.812500 0.027859 0.810547 0.032258 0.816406 0.046921 0.813477 0.048387 0.805664 0.038123 0.802734 0.038123 0.811523 0.046921 0.815430 0.052786 0.813477 0.055718 0.822266 0.068915 0.827148 0.068915 0.835938 0.083578 0.843750 0.087977 0.843750 0.082111 0.848633 0.080645 0.861328 0.093842 0.862305 0.102639 0.875000 0.115836 0.867188 0.117302 0.857422 0.104106 0.860352 0.121701 0.870117 0.127566 0.870117 0.139296 0.875000 0.143695 0.875977 0.139296 0.879883 0.139296 0.882812 0.148094 0.886719 0.149560 0.884766 0.137830 0.892578 0.139296 0.892578 0.123167 0.885742 0.126100 0.883789 0.117302 0.877930 0.111437 0.879883 0.104106 0.875000 0.102639 0.871094 0.093842 0.866211 0.093842 0.856445 0.074780 0.856445 0.067449 0.864258 0.058651 0.859375 0.052786 0.852539 0.058651 0.847656 0.057185 0.842773 0.046921 0.837891 0.045455 0.836914 0.039589 0.832031 0.039589 0.831055 0.033724 0.828125 0.038123
0 0.816406 0.004399 0.824219 0.010264 0.822266 0.001466