0 0.021484 0.648094 0.025391 0.655425 0.028320 0.651026 0.036133 0.651026 0.035156 0.659824 0.038086 0.659824 0.041016 0.648094 0.042969 0.651026 0.041016 0.648094 0.037109 0.652493 0.031250 0.646628 0.030273 0.640762 0.024414 0.649560
0 0.460938 0.637830 0.458008 0.633431 0.448242 0.634897 0.324219 0.718475 0.266602 0.743402 0.262695 0.747801 0.262695 0.759531 0.265625 0.763930 0.278320 0.763930 0.372070 0.717009 0.450195 0.659824 0.460938 0.646628
0 0.024414 0.630499 0.016602 0.639296 0.024414 0.639296
0 0.022461 0.617302 0.021484 0.624633 0.024414 0.624633 0.025391 0.620235
0 0.029297 0.615836 0.031250 0.617302 0.029297 0.636364 0.031250 0.633431 0.041992 0.639296 0.055664 0.637830 0.046875 0.630499 0.041016 0.633431 0.037109 0.629032 0.032227 0.630499 0.030273 0.626100 0.040039 0.624633 0.041016 0.617302 0.032227 0.620235
0 0.035156 0.607038 0.035156 0.612903 0.042969 0.609971
0 0.054688 0.601173 0.049805 0.602639 0.046875 0.620235 0.052734 0.618768 0.049805 0.611437 0.054688 0.608504
0 0.074219 0.568915 0.068359 0.570381 0.064453 0.577713 0.052734 0.574780 0.047852 0.582111 0.062500 0.582111 0.057617 0.590909 0.062500 0.601173 0.060547 0.605572 0.067383 0.604106 0.068359 0.601173 0.061523 0.590909 0.065430 0.579179
0 0.689453 0.511730 0.680664 0.508798 0.672852 0.513196 0.580078 0.605572 0.563477 0.617302 0.555664 0.629032 0.534180 0.645161 0.530273 0.652493 0.525391 0.652493 0.483398 0.690616 0.418945 0.737537 0.375000 0.765396 0.359375 0.771261 0.342773 0.784457 0.316406 0.794721 0.288086 0.812317 0.266602 0.818182 0.231445 0.835777 0.188477 0.848974 0.185547 0.857771 0.190430 0.863636 0.202148 0.863636 0.249023 0.847507 0.266602 0.835777 0.280273 0.834311 0.372070 0.787390 0.445312 0.741935 0.453125 0.733138 0.499023 0.702346 0.531250 0.673021 0.539062 0.670088 0.549805 0.656891 0.561523 0.651026 0.581055 0.629032 0.586914 0.627566 0.621094 0.595308 0.625977 0.586510 0.636719 0.580645 0.672852 0.539589 0.686523 0.529326
0 0.581055 0.403226 0.575195 0.395894 0.566406 0.400293 0.554688 0.413490 0.496094 0.460411 0.438477 0.494135 0.432617 0.501466 0.431641 0.510264 0.453125 0.510264 0.478516 0.495601 0.484375 0.488270 0.508789 0.476540 0.519531 0.464809 0.527344 0.463343 0.547852 0.441349 0.559570 0.435484 0.573242 0.417889 0.577148 0.417889
0 0.737305 0.304985 0.734375 0.302053 0.722656 0.304985 0.648438 0.395894 0.644531 0.395894 0.637695 0.407625 0.577148 0.466276 0.572266 0.466276 0.555664 0.483871 0.499023 0.526393 0.472656 0.541056 0.452148 0.558651 0.444336 0.560117 0.417969 0.582111 0.406250 0.586510 0.400391 0.593842 0.401367 0.604106 0.415039 0.604106 0.438477 0.586510 0.453125 0.580645 0.479492 0.558651 0.487305 0.557185 0.515625 0.533724 0.520508 0.533724 0.531250 0.521994 0.551758 0.510264 0.563477 0.497067 0.592773 0.476540 0.600586 0.464809 0.605469 0.464809 0.625977 0.441349 0.629883 0.441349 0.644531 0.422287 0.655273 0.416422 0.657227 0.409091 0.664062 0.406158 0.666992 0.398827 0.683594 0.384164 0.687500 0.375367 0.695312 0.370968 0.733398 0.325513 0.737305 0.315249
0 0.013672 0.281525 0.012695 0.285924 0.010742 0.282991 0.010742 0.542522 0.018555 0.548387 0.010742 0.557185 0.014648 0.557185 0.013672 0.561584 0.021484 0.567449 0.026367 0.561584 0.029297 0.563050 0.020508 0.573314 0.014648 0.564516 0.010742 0.564516 0.010742 0.573314 0.013672 0.577713 0.029297 0.582111 0.027344 0.587977 0.012695 0.592375 0.013672 0.601173 0.024414 0.598240 0.018555 0.612903 0.013672 0.615836 0.015625 0.618768 0.019531 0.609971 0.021484 0.612903 0.025391 0.608504 0.028320 0.592375 0.031250 0.596774 0.038086 0.592375 0.041016 0.596774 0.039062 0.599707 0.046875 0.601173 0.046875 0.592375 0.049805 0.596774 0.052734 0.595308 0.052734 0.592375 0.042969 0.590909 0.045898 0.582111 0.041992 0.582111 0.041992 0.590909 0.039062 0.592375 0.037109 0.582111 0.046875 0.567449 0.047852 0.573314 0.057617 0.565982 0.067383 0.567449 0.068359 0.563050 0.062500 0.565982 0.063477 0.545455 0.065430 0.548387 0.072266 0.542522 0.075195 0.549853 0.071289 0.557185 0.077148 0.557185 0.075195 0.549853 0.077148 0.513196 0.074219 0.514663 0.077148 0.507331 0.074219 0.494135 0.071289 0.492669 0.075195 0.483871 0.074219 0.454545 0.070312 0.450147 0.070312 0.436950 0.064453 0.417889 0.064453 0.400293 0.055664 0.370968 0.058594 0.366569 0.049805 0.343109 0.045898 0.341642 0.048828 0.337243 0.045898 0.319648 0.043945 0.324047 0.040039 0.316716 0.038086 0.319648 0.030273 0.310850 0.023438 0.316716 0.016602 0.315249 0.015625 0.309384 0.020508 0.312317 0.021484 0.306452 0.018555 0.303519 0.021484 0.300587 0.024414 0.303519 0.025391 0.297654 0.017578 0.282991
0 0.021484 0.240469 0.018555 0.244868 0.015625 0.240469 0.012695 0.246334 0.010742 0.244868 0.012695 0.247801 0.014648 0.244868 0.016602 0.250733 0.010742 0.253666 0.017578 0.252199
0 0.609375 0.227273 0.599609 0.227273 0.588867 0.236070 0.575195 0.253666 0.550781 0.274194 0.543945 0.282991 0.543945 0.290323 0.548828 0.294721 0.574219 0.275660 0.606445 0.241935
0 0.010742 0.193548 0.011719 0.224340 0.011719 0.215543 0.014648 0.218475 0.015625 0.202346
0 0.747070 0.120235 0.735352 0.102639 0.687500 0.183284 0.637695 0.253666 0.628906 0.259531 0.617188 0.277126 0.584961 0.306452 0.575195 0.319648 0.547852 0.340176 0.543945 0.347507 0.538086 0.348974 0.532227 0.362170 0.540039 0.366569 0.551758 0.359238 0.639648 0.275660 0.677734 0.228739 0.688477 0.209677 0.695312 0.205279 0.703125 0.189150 0.726562 0.158358
0 0.686523 0.023460 0.649414 0.092375 0.644531 0.095308 0.640625 0.107038 0.616211 0.142229 0.615234 0.149560 0.618164 0.153959 0.626953 0.148094 0.652344 0.115836 0.696289 0.041056