0 0.459961 0.995601 0.465820 0.995601 0.467773 0.991202 0.462891 0.989736
0 0.734375 0.976540 0.732422 0.980938 0.734375 0.985337 0.737305 0.979472
0 0.749023 0.958944 0.745117 0.961877 0.745117 0.967742 0.749023 0.966276
0 0.786133 0.954545 0.782227 0.964809 0.786133 0.960411
0 0.772461 0.939883 0.769531 0.948680 0.772461 0.947214
0 0.534180 0.939883 0.529297 0.953079 0.536133 0.947214
0 0.521484 0.931085 0.516602 0.935484 0.516602 0.944282 0.520508 0.941349
0 0.798828 0.929619 0.794922 0.931085 0.793945 0.936950
0 0.547852 0.919355 0.547852 0.923754 0.551758 0.923754
0 0.824219 0.888563 0.820312 0.888563 0.816406 0.895894 0.818359 0.897361 0.816406 0.906158 0.824219 0.904692 0.827148 0.897361
0 0.571289 0.887097 0.572266 0.894428 0.574219 0.888563
0 0.853516 0.844575 0.849609 0.848974 0.853516 0.848974
0 0.609375 0.844575 0.607422 0.844575 0.609375 0.848974 0.602539 0.856305 0.603516 0.859238 0.608398 0.857771 0.611328 0.850440
0 0.606445 0.813783 0.603516 0.824047 0.608398 0.829912 0.611328 0.825513 0.605469 0.824047 0.608398 0.815249
0 0.628906 0.809384 0.630859 0.819648 0.636719 0.816716
0 0.650391 0.758065 0.647461 0.766862 0.652344 0.763930
0 0.684570 0.747801 0.686523 0.755132 0.687500 0.750733
0 0.438477 0.727273 0.438477 0.733138 0.442383 0.736070
0 0.690430 0.721408 0.687500 0.722874 0.687500 0.730205
0 0.671875 0.719941 0.666992 0.724340 0.669922 0.730205
0 0.460938 0.719941 0.457031 0.718475 0.454102 0.725806 0.458008 0.727273
0 0.679688 0.711144 0.677734 0.721408 0.680664 0.718475
0 0.695312 0.699413 0.688477 0.700880 0.687500 0.706745 0.692383 0.708211
0 0.717773 0.697947 0.713867 0.697947 0.713867 0.703812
0 0.695312 0.681818 0.691406 0.681818 0.691406 0.689150
0 0.511719 0.648094 0.505859 0.656891 0.503906 0.653959 0.506836 0.661290 0.511719 0.659824
0 0.500000 0.634897 0.500000 0.642229 0.501953 0.642229 0.502930 0.637830
0 0.770508 0.621701 0.765625 0.630499 0.766602 0.636364 0.770508 0.636364
0 0.761719 0.615836 0.756836 0.621701 0.758789 0.627566
0 0.502930 0.617302 0.502930 0.620235 0.507812 0.618768
0 0.754883 0.607038 0.750977 0.607038 0.750977 0.612903
0 0.524414 0.605572 0.516602 0.609971 0.521484 0.612903
0 0.773438 0.602639 0.773438 0.609971 0.777344 0.608504
0 0.791992 0.593842 0.791016 0.599707 0.793945 0.599707
0 0.528320 0.587977 0.526367 0.595308 0.530273 0.595308
0 0.786133 0.586510 0.782227 0.587977 0.784180 0.601173
0 0.541016 0.583578 0.538086 0.583578 0.538086 0.590909
0 0.795898 0.567449 0.791992 0.568915 0.793945 0.576246
0 0.824219 0.536657 0.822266 0.536657 0.822266 0.543988
0 0.570312 0.532258 0.566406 0.535191 0.565430 0.542522
0 0.579102 0.516129 0.579102 0.520528 0.583008 0.519062
0 0.442383 0.508798 0.437500 0.511730 0.437500 0.516129
0 0.630859 0.508798 0.628906 0.507331 0.625000 0.514663
0 0.850586 0.489736 0.846680 0.494135 0.846680 0.500000
0 0.625977 0.488270 0.625000 0.495601 0.627930 0.495601 0.629883 0.489736
0 0.645508 0.454545 0.640625 0.457478 0.640625 0.467742 0.646484 0.463343
0 0.639648 0.434018 0.635742 0.441349 0.639648 0.441349
0 0.677734 0.422287 0.672852 0.426686 0.672852 0.432551 0.677734 0.431085
0 0.652344 0.419355 0.649414 0.419355 0.647461 0.426686
0 0.690430 0.417889 0.684570 0.419355 0.684570 0.425220 0.689453 0.425220
0 0.516602 0.404692 0.515625 0.409091 0.518555 0.412023 0.518555 0.404692
0 0.528320 0.395894 0.522461 0.409091 0.527344 0.406158
0 0.689453 0.376833 0.687500 0.376833 0.687500 0.388563
0 0.717773 0.363636 0.713867 0.363636 0.712891 0.370968 0.709961 0.372434 0.711914 0.378299 0.714844 0.378299
0 0.939453 0.351906 0.937500 0.360704 0.940430 0.359238
0 0.715820 0.329912 0.713867 0.335777 0.717773 0.337243 0.717773 0.329912
0 0.530273 0.328446 0.526367 0.332845 0.530273 0.332845
0 0.530273 0.297654 0.526367 0.297654 0.525391 0.303519 0.528320 0.303519
0 0.514648 0.277126 0.508789 0.282991 0.509766 0.288856
0 0.751953 0.272727 0.750000 0.278592 0.752930 0.277126
0 0.543945 0.250733 0.540039 0.259531 0.541016 0.266862 0.545898 0.265396
0 0.554688 0.243402 0.549805 0.244868 0.552734 0.255132 0.556641 0.249267
0 0.645508 0.233138 0.641602 0.237537 0.645508 0.237537
0 0.781250 0.225806 0.783203 0.231672 0.784180 0.227273
0 0.670898 0.197947 0.666992 0.202346 0.670898 0.205279
0 0.626953 0.133431 0.622070 0.140762 0.626953 0.139296
0 0.624023 0.117302 0.618164 0.124633 0.621094 0.126100