0 0.710938 0.888563 0.706055 0.891496 0.701172 0.887097 0.687500 0.897361 0.691406 0.901760 0.701172 0.895894 0.708008 0.900293
0 0.746094 0.869501 0.741211 0.869501 0.739258 0.878299 0.729492 0.882698 0.734375 0.887097 0.738281 0.882698 0.746094 0.882698 0.744141 0.878299
0 0.844727 0.859238 0.848633 0.859238 0.854492 0.873900 0.869141 0.872434 0.871094 0.869501 0.868164 0.865103 0.872070 0.862170 0.875000 0.865103 0.875000 0.872434 0.881836 0.873900 0.884766 0.882698 0.896484 0.882698 0.892578 0.875367 0.886719 0.873900 0.890625 0.862170 0.901367 0.857771 0.906250 0.862170 0.917969 0.859238 0.934570 0.873900 0.940430 0.870968 0.947266 0.876833 0.950195 0.873900 0.959961 0.878299 0.962891 0.872434 0.958984 0.872434 0.958008 0.868035 0.967773 0.857771 0.969727 0.850440 0.978516 0.850440 0.981445 0.854839 0.979492 0.862170 0.989258 0.868035 0.989258 0.848974 0.983398 0.847507 0.984375 0.840176 0.989258 0.843109 0.989258 0.831378 0.982422 0.837243 0.984375 0.840176 0.981445 0.844575 0.969727 0.846041 0.968750 0.850440 0.965820 0.846041 0.961914 0.848974 0.956055 0.844575 0.947266 0.846041 0.938477 0.851906 0.936523 0.863636 0.930664 0.854839 0.925781 0.854839 0.921875 0.846041 0.916016 0.848974 0.912109 0.841642 0.907227 0.840176 0.909180 0.831378 0.894531 0.828446 0.897461 0.838710 0.906250 0.840176 0.895508 0.854839 0.886719 0.848974 0.870117 0.854839 0.863281 0.850440 0.859375 0.841642 0.855469 0.851906
0 0.943359 0.826979 0.968750 0.829912 0.978516 0.824047 0.978516 0.818182 0.945312 0.816716
0 0.965820 0.791789 0.968750 0.802053 0.989258 0.800587 0.989258 0.791789
0 0.621094 0.620235 0.616211 0.621701 0.615234 0.627566 0.610352 0.630499 0.610352 0.636364 0.621094 0.636364
0 0.703125 0.530792 0.697266 0.535191 0.693359 0.532258 0.696289 0.538123
0 0.875000 0.504399 0.875000 0.510264 0.881836 0.511730 0.889648 0.507331
0 0.901367 0.501466 0.903320 0.505865 0.915039 0.507331 0.916992 0.514663 0.921875 0.510264 0.930664 0.510264 0.928711 0.505865 0.930664 0.501466 0.927734 0.497067 0.910156 0.494135
0 0.894531 0.485337 0.898438 0.492669 0.905273 0.486804
0 0.874023 0.483871 0.867188 0.478006 0.853516 0.489736 0.843750 0.488270 0.843750 0.495601 0.839844 0.501466 0.832031 0.498534 0.822266 0.508798 0.800781 0.511730 0.796875 0.520528 0.784180 0.521994 0.780273 0.511730 0.774414 0.510264 0.786133 0.501466 0.783203 0.492669 0.775391 0.492669 0.762695 0.502933 0.756836 0.502933 0.754883 0.507331 0.747070 0.504399 0.744141 0.508798 0.725586 0.511730 0.724609 0.514663 0.728516 0.519062 0.739258 0.520528 0.740234 0.524927 0.721680 0.535191 0.722656 0.543988 0.717773 0.549853 0.715820 0.546921 0.706055 0.551320 0.697266 0.560117 0.684570 0.558651 0.674805 0.567449 0.673828 0.573314 0.660156 0.577713 0.660156 0.582111 0.651367 0.587977 0.649414 0.593842 0.630859 0.590909 0.625000 0.596774 0.634766 0.609971 0.641602 0.604106 0.664062 0.599707 0.668945 0.592375 0.680664 0.589443 0.685547 0.582111 0.702148 0.580645 0.704102 0.568915 0.711914 0.573314 0.717773 0.567449 0.718750 0.576246 0.726562 0.573314 0.725586 0.563050 0.749023 0.557185 0.750977 0.549853 0.759766 0.549853 0.757812 0.541056 0.763672 0.533724 0.771484 0.533724 0.773438 0.538123 0.783203 0.533724 0.784180 0.538123 0.795898 0.530792 0.796875 0.538123 0.802734 0.535191 0.804688 0.539589 0.811523 0.538123 0.815430 0.542522 0.822266 0.535191 0.825195 0.538123 0.834961 0.529326 0.839844 0.529326 0.844727 0.516129 0.850586 0.526393 0.866211 0.529326 0.874023 0.521994 0.865234 0.519062 0.871094 0.511730 0.864258 0.498534 0.875000 0.491202
0 0.695312 0.419355 0.688477 0.419355 0.686523 0.423754 0.674805 0.428152 0.675781 0.432551 0.681641 0.432551 0.687500 0.438416 0.682617 0.442815 0.684570 0.448680 0.696289 0.444282 0.696289 0.436950 0.692383 0.432551 0.692383 0.423754
0 0.731445 0.403226 0.728516 0.400293 0.700195 0.417889 0.705078 0.417889 0.707031 0.422287 0.714844 0.417889 0.712891 0.413490 0.716797 0.409091 0.727539 0.409091
0 0.460938 0.387097 0.456055 0.387097 0.453125 0.394428 0.458008 0.394428
0 0.792969 0.394428 0.788086 0.390029 0.790039 0.385630 0.779297 0.384164 0.767578 0.394428 0.745117 0.398827 0.738281 0.409091 0.743164 0.416422 0.748047 0.412023 0.757812 0.413490 0.759766 0.404692 0.766602 0.398827
0 0.816406 0.366569 0.815430 0.370968 0.818359 0.370968 0.819336 0.368035
0 0.540039 0.313783 0.535156 0.315249 0.528320 0.325513 0.524414 0.324047 0.524414 0.316716 0.515625 0.326979 0.512695 0.321114 0.505859 0.328446 0.500000 0.319648 0.495117 0.325513 0.492188 0.337243 0.485352 0.337243 0.478516 0.344575 0.477539 0.354839 0.481445 0.354839 0.482422 0.359238 0.477539 0.366569 0.474609 0.363636 0.471680 0.366569 0.471680 0.370968 0.483398 0.365103 0.495117 0.350440 0.499023 0.350440 0.501953 0.360704 0.502930 0.353372 0.499023 0.350440 0.500977 0.346041 0.508789 0.341642 0.515625 0.331378 0.533203 0.328446
0 0.570312 0.306452 0.566406 0.306452 0.561523 0.316716 0.555664 0.319648 0.555664 0.324047 0.561523 0.322581 0.570312 0.312317
0 0.580078 0.293255 0.575195 0.300587 0.580078 0.299120
0 0.573242 0.236070 0.575195 0.244868 0.583984 0.243402 0.583984 0.240469 0.578125 0.240469 0.577148 0.234604
0 0.584961 0.230205 0.593750 0.231672 0.590820 0.225806
0 0.670898 0.215543 0.634766 0.234604 0.628906 0.240469 0.630859 0.253666 0.624023 0.253666 0.626953 0.244868 0.625000 0.240469 0.606445 0.258065 0.597656 0.256598 0.586914 0.272727 0.578125 0.274194 0.577148 0.268328 0.572266 0.268328 0.568359 0.274194 0.571289 0.280059 0.563477 0.287390 0.562500 0.302053 0.552734 0.315249 0.563477 0.302053 0.570312 0.299120 0.582031 0.281525 0.593750 0.277126 0.596680 0.284457 0.599609 0.284457 0.609375 0.272727 0.614258 0.278592 0.621094 0.265396 0.621094 0.259531 0.618164 0.258065 0.620117 0.255132 0.625000 0.256598 0.625000 0.268328 0.632812 0.266862 0.634766 0.258065 0.649414 0.244868 0.657227 0.230205 0.670898 0.219941
0 0.477539 0.170088 0.472656 0.186217 0.478516 0.184751
0 0.739258 0.165689 0.734375 0.156891 0.727539 0.156891 0.718750 0.164223 0.718750 0.156891 0.727539 0.151026 0.723633 0.142229 0.718750 0.140762 0.695312 0.156891 0.685547 0.156891 0.682617 0.161290 0.684570 0.167155 0.671875 0.174487 0.670898 0.178886 0.656250 0.174487 0.644531 0.192082 0.646484 0.195015 0.649414 0.192082 0.651367 0.196481 0.663086 0.196481 0.639648 0.215543 0.636719 0.208211 0.625000 0.212610 0.623047 0.219941 0.626953 0.218475 0.627930 0.224340 0.623047 0.225806 0.619141 0.234604 0.620117 0.239003 0.653320 0.218475 0.657227 0.211144 0.674805 0.205279 0.680664 0.197947 0.684570 0.199413 0.678711 0.209677 0.681641 0.224340 0.677734 0.227273 0.675781 0.222874 0.675781 0.233138 0.683594 0.231672 0.686523 0.225806 0.681641 0.219941 0.683594 0.218475 0.680664 0.211144 0.682617 0.206745 0.694336 0.200880 0.702148 0.200880 0.703125 0.206745 0.708008 0.206745 0.707031 0.195015 0.712891 0.192082 0.713867 0.187683 0.715820 0.190616 0.730469 0.181818 0.739258 0.171554
0 0.561523 0.089443 0.552734 0.082111 0.537109 0.104106 0.515625 0.114370 0.515625 0.120235 0.531250 0.124633 0.536133 0.120235 0.537109 0.112903 0.542969 0.111437 0.544922 0.104106 0.558594 0.102639
0 0.576172 0.067449 0.575195 0.079179 0.578125 0.080645 0.578125 0.089443 0.575195 0.092375 0.578125 0.096774 0.587891 0.092375 0.587891 0.082111 0.584961 0.085044 0.580078 0.079179 0.582031 0.073314 0.587891 0.070381
0 0.368164 0.020528 0.362305 0.020528 0.354492 0.033724 0.361328 0.030792
0 0.424805 0.000000 0.384766 0.001466 0.381836 0.013196 0.390625 0.004399 0.391602 0.007331 0.400391 0.004399 0.389648 0.019062 0.375977 0.029326 0.374023 0.043988 0.371094 0.039589 0.365234 0.043988 0.364258 0.038123 0.360352 0.038123 0.356445 0.046921 0.350586 0.048387 0.340820 0.068915 0.335938 0.071848 0.333984 0.089443 0.319336 0.109971 0.318359 0.124633 0.305664 0.140762 0.300781 0.142229 0.298828 0.149560 0.293945 0.146628 0.289062 0.164223 0.295898 0.162757 0.295898 0.156891 0.300781 0.151026 0.319336 0.139296 0.324219 0.127566 0.318359 0.131965 0.318359 0.123167 0.323242 0.117302 0.333008 0.115836 0.334961 0.108504 0.339844 0.107038 0.341797 0.093842 0.348633 0.096774 0.349609 0.089443 0.359375 0.074780 0.363281 0.079179 0.368164 0.077713 0.374023 0.068915 0.374023 0.063050 0.365234 0.061584 0.374023 0.049853 0.375977 0.041056 0.382812 0.043988 0.378906 0.055718 0.386719 0.049853 0.386719 0.042522 0.391602 0.038123 0.396484 0.045455 0.399414 0.038123 0.397461 0.029326 0.411133 0.021994 0.411133 0.016129 0.408203 0.011730 0.401367 0.011730 0.401367 0.007331 0.411133 0.002933 0.417969 0.004399 0.420898 0.010264 0.424805 0.007331