0 0.653320 0.719941 0.647461 0.725806 0.640625 0.778592 0.650391 0.747801
0 0.708984 0.658358 0.707031 0.715543 0.707031 0.702346 0.711914 0.695015
0 0.590820 0.608504 0.586914 0.612903 0.584961 0.623167 0.582031 0.618768 0.579102 0.634897 0.576172 0.618768 0.576172 0.649560 0.573242 0.652493 0.574219 0.661290 0.571289 0.665689 0.563477 0.728739 0.564453 0.724340 0.567383 0.725806 0.567383 0.741935 0.561523 0.771261 0.563477 0.782991 0.545898 0.834311 0.547852 0.799120 0.553711 0.784457 0.555664 0.768328 0.545898 0.806452 0.539062 0.819648 0.540039 0.831378 0.537109 0.837243 0.539062 0.841642 0.550781 0.838710 0.549805 0.834311 0.554688 0.831378 0.557617 0.832845 0.555664 0.835777 0.559570 0.835777 0.560547 0.819648 0.565430 0.812317 0.567383 0.794721 0.575195 0.774194 0.583008 0.727273 0.582031 0.717009 0.584961 0.714076 0.584961 0.683284 0.587891 0.680352 0.590820 0.658358
0 0.594727 0.605572 0.594727 0.677419 0.589844 0.719941 0.592773 0.724340 0.568359 0.815249 0.573242 0.812317 0.582031 0.788856 0.599609 0.697947 0.600586 0.629032
0 0.639648 0.565982 0.647461 0.605572 0.649414 0.637830 0.654297 0.646628 0.651367 0.653959 0.654297 0.677419 0.651367 0.684751 0.654297 0.681818 0.653320 0.608504 0.643555 0.570381
0 0.632812 0.560117 0.631836 0.573314 0.628906 0.576246 0.625000 0.571848 0.625000 0.587977 0.621094 0.576246 0.624023 0.587977 0.626953 0.653959 0.627930 0.646628 0.630859 0.645161 0.631836 0.661290 0.628906 0.659824 0.631836 0.665689 0.632812 0.675953 0.629883 0.678886 0.626953 0.668622 0.624023 0.721408 0.626953 0.722874 0.608398 0.802053 0.611328 0.800587 0.609375 0.809384 0.616211 0.806452 0.620117 0.791789 0.620117 0.803519 0.625977 0.797654 0.632812 0.777126 0.635742 0.775660 0.640625 0.755132 0.641602 0.721408 0.639648 0.725806 0.638672 0.700880 0.640625 0.683284 0.644531 0.684751 0.646484 0.680352 0.644531 0.652493 0.641602 0.659824 0.637695 0.656891 0.639648 0.648094 0.637695 0.640762 0.639648 0.631965 0.643555 0.629032 0.637695 0.571848
0 0.683594 0.530792 0.701172 0.595308 0.704102 0.633431 0.707031 0.640762 0.707031 0.653959 0.708984 0.653959 0.707031 0.634897 0.709961 0.630499 0.700195 0.570381 0.693359 0.546921
0 0.667969 0.505865 0.666992 0.521994 0.664062 0.523460 0.666992 0.530792 0.666016 0.538123 0.659180 0.519062 0.657227 0.521994 0.670898 0.561584 0.679688 0.611437 0.680664 0.643695 0.682617 0.652493 0.686523 0.653959 0.682617 0.658358 0.682617 0.684751 0.687500 0.690616 0.682617 0.692082 0.679688 0.733138 0.681641 0.752199 0.687500 0.744868 0.688477 0.737537 0.691406 0.739003 0.690430 0.743402 0.697266 0.734604 0.695312 0.733138 0.698242 0.719941 0.700195 0.718475 0.701172 0.722874 0.704102 0.692082 0.700195 0.655425 0.697266 0.651026 0.697266 0.611437 0.695312 0.607038 0.693359 0.612903 0.691406 0.611437 0.690430 0.598240 0.693359 0.598240 0.695312 0.604106 0.693359 0.585044 0.684570 0.546921
0 0.714844 0.467742 0.720703 0.485337 0.735352 0.510264 0.733398 0.511730 0.736328 0.523460 0.741211 0.530792 0.746094 0.554252 0.750000 0.560117 0.759766 0.617302 0.758789 0.582111 0.747070 0.536657 0.731445 0.497067
0 0.692383 0.463343 0.694336 0.466276 0.689453 0.466276 0.689453 0.469208 0.694336 0.473607 0.709961 0.511730 0.708984 0.507331 0.712891 0.507331 0.728516 0.551320 0.738281 0.605572 0.735352 0.615836 0.741211 0.652493 0.739258 0.655425 0.741211 0.673021 0.743164 0.673021 0.750977 0.653959 0.758789 0.643695 0.753906 0.605572 0.754883 0.627566 0.751953 0.629032 0.740234 0.552786 0.737305 0.551320 0.738281 0.546921 0.734375 0.546921 0.737305 0.538123 0.732422 0.520528 0.708984 0.467742 0.704102 0.463343 0.708008 0.475073 0.702148 0.470674 0.702148 0.476540 0.697266 0.466276
0 0.725586 0.416422 0.723633 0.419355 0.730469 0.432551 0.742188 0.444282 0.739258 0.447214 0.744141 0.444282 0.754883 0.469208 0.765625 0.483871 0.766602 0.492669 0.779297 0.520528 0.784180 0.545455 0.785156 0.539589 0.788086 0.546921 0.784180 0.552786 0.781250 0.543988 0.782227 0.555718 0.788086 0.570381 0.790039 0.552786 0.793945 0.551320 0.794922 0.545455 0.791016 0.520528 0.788086 0.514663 0.786133 0.527859 0.788086 0.532258 0.785156 0.535191 0.779297 0.501466 0.767578 0.476540 0.763672 0.475073 0.763672 0.470674 0.753906 0.457478 0.752930 0.450147 0.737305 0.426686
0 0.336914 0.127566 0.622070 0.129032 0.621094 0.126100