0 0.594727 0.725806 0.585938 0.733138 0.592773 0.733138
0 0.685547 0.737537 0.687500 0.741935 0.693359 0.741935 0.701172 0.728739 0.694336 0.733138 0.694336 0.724340 0.689453 0.724340
0 0.624023 0.699413 0.617188 0.696481 0.610352 0.705279 0.617188 0.709677
0 0.480469 0.693548 0.474609 0.693548 0.468750 0.699413 0.480469 0.697947
0 0.833984 0.686217 0.828125 0.687683 0.816406 0.703812 0.830078 0.697947
0 0.645508 0.686217 0.650391 0.687683 0.654297 0.681818
0 0.846680 0.674487 0.842773 0.674487 0.840820 0.681818 0.845703 0.680352
0 0.740234 0.678886 0.734375 0.674487 0.722656 0.687683 0.728516 0.695015 0.732422 0.690616 0.733398 0.680352
0 0.528320 0.674487 0.530273 0.680352 0.541016 0.680352 0.541016 0.677419
0 0.472656 0.678886 0.476562 0.681818 0.479492 0.677419 0.474609 0.674487
0 0.445312 0.671554 0.451172 0.668622 0.446289 0.665689
0 0.397461 0.664223 0.394531 0.653959 0.382812 0.659824 0.387695 0.667155
0 0.548828 0.655425 0.555664 0.661290 0.557617 0.658358 0.564453 0.667155 0.575195 0.664223 0.572266 0.658358 0.563477 0.664223 0.563477 0.655425 0.559570 0.652493
0 0.536133 0.646628 0.523438 0.651026 0.521484 0.656891 0.536133 0.651026
0 0.680664 0.646628 0.680664 0.652493 0.686523 0.651026 0.684570 0.645161
0 0.667969 0.645161 0.664062 0.653959 0.669922 0.653959 0.672852 0.661290 0.674805 0.646628
0 0.467773 0.640762 0.458984 0.634897 0.461914 0.643695 0.458008 0.645161 0.455078 0.640762 0.452148 0.651026 0.463867 0.648094
0 0.588867 0.629032 0.583008 0.626100 0.577148 0.629032 0.576172 0.634897 0.585938 0.634897
0 0.437500 0.633431 0.447266 0.633431 0.449219 0.629032 0.442383 0.626100
0 0.498047 0.626100 0.495117 0.623167 0.492188 0.629032
0 0.781250 0.623167 0.776367 0.623167 0.766602 0.637830 0.775391 0.640762 0.778320 0.634897 0.771484 0.634897
0 0.608398 0.618768 0.605469 0.624633 0.609375 0.624633
0 0.606445 0.608504 0.600586 0.608504 0.595703 0.615836 0.604492 0.615836
0 0.516602 0.612903 0.511719 0.608504 0.505859 0.621701 0.513672 0.620235
0 0.488281 0.608504 0.476562 0.615836 0.483398 0.620235
0 0.506836 0.599707 0.500977 0.605572 0.503906 0.607038
0 0.362305 0.604106 0.368164 0.602639 0.364258 0.599707
0 0.539062 0.598240 0.532227 0.595308 0.528320 0.604106 0.535156 0.604106
0 0.345703 0.593842 0.345703 0.602639 0.350586 0.601173 0.350586 0.595308
0 0.336914 0.595308 0.336914 0.601173 0.341797 0.604106 0.342773 0.595308
0 0.408203 0.587977 0.402344 0.585044 0.393555 0.593842 0.398438 0.596774 0.403320 0.589443 0.407227 0.592375
0 0.521484 0.585044 0.532227 0.589443 0.536133 0.583578 0.528320 0.580645
0 0.654297 0.582111 0.651367 0.579179 0.641602 0.585044 0.636719 0.596774 0.639648 0.601173 0.649414 0.583578 0.653320 0.586510
0 0.397461 0.580645 0.389648 0.580645 0.386719 0.586510 0.394531 0.586510
0 0.464844 0.571848 0.456055 0.574780 0.456055 0.580645 0.464844 0.577713
0 0.562500 0.571848 0.554688 0.571848 0.554688 0.577713 0.560547 0.579179
0 0.423828 0.571848 0.424805 0.574780 0.433594 0.573314 0.426758 0.567449
0 0.436523 0.561584 0.440430 0.570381 0.447266 0.565982 0.442383 0.558651
0 0.571289 0.546921 0.576172 0.552786 0.574219 0.557185 0.578125 0.558651 0.585938 0.551320 0.584961 0.546921 0.580078 0.548387 0.578125 0.543988
0 0.458984 0.557185 0.462891 0.557185 0.467773 0.546921 0.474609 0.548387 0.476562 0.552786 0.474609 0.558651 0.482422 0.555718 0.479492 0.546921 0.474609 0.548387 0.471680 0.542522 0.467773 0.542522 0.460938 0.548387
0 0.265625 0.538123 0.262695 0.545455 0.267578 0.551320 0.271484 0.549853 0.273438 0.543988
0 0.492188 0.536657 0.500000 0.549853 0.503906 0.545455 0.503906 0.541056
0 0.342773 0.535191 0.343750 0.542522 0.350586 0.541056
0 0.343750 0.524927 0.345703 0.529326 0.354492 0.527859 0.355469 0.536657 0.360352 0.533724 0.360352 0.524927 0.355469 0.520528
0 0.377930 0.511730 0.384766 0.519062 0.389648 0.517595 0.386719 0.511730
0 0.525391 0.507331 0.516602 0.511730 0.519531 0.513196
0 0.439453 0.501466 0.434570 0.504399 0.434570 0.508798 0.437500 0.510264 0.441406 0.504399
0 0.467773 0.488270 0.458984 0.494135 0.464844 0.494135
0 0.472656 0.483871 0.478516 0.482405 0.479492 0.488270 0.483398 0.488270 0.485352 0.478006 0.479492 0.473607
0 0.317383 0.467742 0.317383 0.470674 0.327148 0.469208 0.323242 0.464809
0 0.352539 0.450147 0.356445 0.456012 0.359375 0.451613 0.361328 0.456012 0.366211 0.456012 0.366211 0.450147 0.360352 0.445748
0 0.392578 0.441349 0.398438 0.451613 0.405273 0.444282
0 0.424805 0.429619 0.424805 0.434018 0.431641 0.435484 0.431641 0.431085
0 0.421875 0.425220 0.412109 0.429619 0.417969 0.434018