0 0.870117 0.816716 0.874023 0.821114 0.874023 0.816716
0 0.846680 0.664223 0.840820 0.667155 0.835938 0.684751 0.837891 0.689150 0.834961 0.695015 0.833984 0.725806 0.837891 0.737537 0.832031 0.747801 0.828125 0.768328 0.832031 0.794721 0.829102 0.809384 0.829102 0.838710 0.833984 0.846041 0.838867 0.870968 0.841797 0.872434 0.846680 0.862170 0.853516 0.857771 0.850586 0.844575 0.858398 0.835777 0.861328 0.826979 0.859375 0.818182 0.864258 0.815249 0.868164 0.802053 0.868164 0.793255 0.862305 0.780059 0.866211 0.772727 0.866211 0.756598 0.861328 0.741935 0.862305 0.718475 0.858398 0.702346 0.858398 0.681818
0 0.827148 0.409091 0.822266 0.410557 0.813477 0.428152 0.816406 0.441349 0.813477 0.442815 0.812500 0.454545 0.800781 0.480938 0.803711 0.502933 0.797852 0.508798 0.796875 0.519062 0.791016 0.530792 0.791992 0.557185 0.789062 0.560117 0.785156 0.585044 0.782227 0.587977 0.784180 0.592375 0.782227 0.605572 0.788086 0.623167 0.782227 0.629032 0.781250 0.648094 0.773438 0.653959 0.775391 0.678886 0.765625 0.695015 0.766602 0.719941 0.761719 0.727273 0.754883 0.719941 0.744141 0.724340 0.741211 0.736070 0.747070 0.750733 0.735352 0.762463 0.731445 0.775660 0.734375 0.797654 0.718750 0.815249 0.715820 0.838710 0.704102 0.856305 0.704102 0.882698 0.688477 0.910557 0.690430 0.919355 0.684570 0.934018 0.685547 0.953079 0.678711 0.958944 0.671875 0.980938 0.672852 0.998534 0.723633 0.995601 0.733398 0.966276 0.731445 0.954545 0.754883 0.917889 0.752930 0.898827 0.761719 0.890029 0.767578 0.873900 0.768555 0.856305 0.765625 0.853372 0.765625 0.844575 0.775391 0.824047 0.777344 0.803519 0.790039 0.780059 0.792969 0.763930 0.790039 0.737537 0.795898 0.730205 0.795898 0.722874 0.799805 0.719941 0.802734 0.709677 0.801758 0.700880 0.805664 0.693548 0.808594 0.674487 0.805664 0.656891 0.811523 0.651026 0.815430 0.630499 0.818359 0.627566 0.815430 0.605572 0.822266 0.587977 0.827148 0.586510 0.831055 0.563050 0.828125 0.536657 0.833008 0.530792 0.831055 0.520528 0.834961 0.492669 0.833984 0.475073 0.831055 0.469208 0.839844 0.448680 0.837891 0.445748 0.839844 0.434018 0.834961 0.429619
0 0.777344 0.297654 0.766602 0.300587 0.765625 0.313783 0.750977 0.328446 0.750000 0.347507 0.735352 0.360704 0.734375 0.378299 0.718750 0.400293 0.713867 0.414956 0.716797 0.432551 0.704102 0.451613 0.698242 0.469208 0.701172 0.488270 0.685547 0.520528 0.684570 0.542522 0.687500 0.545455 0.687500 0.552786 0.680664 0.558651 0.674805 0.577713 0.672852 0.595308 0.675781 0.604106 0.671875 0.607038 0.671875 0.620235 0.666992 0.630499 0.666992 0.637830 0.675781 0.665689 0.670898 0.674487 0.656250 0.673021 0.651367 0.680352 0.650391 0.702346 0.643555 0.705279 0.634766 0.721408 0.634766 0.741935 0.625000 0.747801 0.616211 0.778592 0.619141 0.797654 0.615234 0.803519 0.609375 0.831378 0.612305 0.847507 0.615234 0.850440 0.610352 0.865103 0.610352 0.878299 0.615234 0.884164 0.620117 0.900293 0.615234 0.907625 0.616211 0.923754 0.612305 0.929619 0.612305 0.938416 0.622070 0.956012 0.632812 0.947214 0.634766 0.935484 0.639648 0.929619 0.642578 0.910557 0.639648 0.891496 0.655273 0.859238 0.655273 0.828446 0.670898 0.803519 0.671875 0.791789 0.680664 0.777126 0.683594 0.765396 0.681641 0.763930 0.683594 0.756598 0.681641 0.739003 0.699219 0.714076 0.697266 0.705279 0.708984 0.689150 0.712891 0.670088 0.710938 0.648094 0.720703 0.627566 0.720703 0.611437 0.733398 0.595308 0.734375 0.567449 0.746094 0.549853 0.749023 0.533724 0.746094 0.517595 0.754883 0.497067 0.752930 0.483871 0.761719 0.476540 0.764648 0.469208 0.764648 0.442815 0.768555 0.439883 0.770508 0.426686 0.768555 0.419355 0.771484 0.416422 0.770508 0.391496 0.783203 0.369501 0.783203 0.360704 0.786133 0.356305 0.781250 0.340176 0.790039 0.325513 0.784180 0.304985
0 0.603516 0.222874 0.597656 0.227273 0.593750 0.239003 0.597656 0.253666 0.605469 0.256598 0.611328 0.249267 0.609375 0.246334 0.612305 0.240469 0.608398 0.227273
0 0.733398 0.197947 0.711914 0.202346 0.691406 0.217009 0.687500 0.234604 0.666992 0.258065 0.666992 0.280059 0.650391 0.297654 0.647461 0.304985 0.649414 0.309384 0.647461 0.318182 0.641602 0.321114 0.628906 0.344575 0.628906 0.360704 0.610352 0.387097 0.609375 0.397361 0.612305 0.409091 0.597656 0.434018 0.591797 0.454545 0.593750 0.463343 0.576172 0.489736 0.576172 0.524927 0.566406 0.536657 0.566406 0.545455 0.557617 0.568915 0.555664 0.595308 0.546875 0.605572 0.544922 0.636364 0.549805 0.652493 0.541016 0.668622 0.540039 0.693548 0.531250 0.700880 0.528320 0.721408 0.525391 0.724340 0.531250 0.750733 0.518555 0.778592 0.518555 0.796188 0.506836 0.826979 0.510742 0.859238 0.515625 0.865103 0.513672 0.885630 0.516602 0.891496 0.523438 0.891496 0.528320 0.882698 0.536133 0.881232 0.545898 0.863636 0.546875 0.850440 0.551758 0.843109 0.552734 0.831378 0.561523 0.806452 0.564453 0.781525 0.570312 0.769795 0.568359 0.766862 0.574219 0.759531 0.572266 0.755132 0.577148 0.744868 0.577148 0.727273 0.590820 0.678886 0.589844 0.671554 0.592773 0.665689 0.590820 0.652493 0.601562 0.623167 0.599609 0.615836 0.605469 0.604106 0.605469 0.582111 0.614258 0.557185 0.612305 0.545455 0.624023 0.530792 0.625000 0.513196 0.629883 0.510264 0.630859 0.501466 0.633789 0.500000 0.632812 0.479472 0.642578 0.456012 0.640625 0.447214 0.652344 0.431085 0.655273 0.416422 0.653320 0.404692 0.670898 0.373900 0.671875 0.353372 0.668945 0.344575 0.673828 0.337243 0.673828 0.329912 0.679688 0.326979 0.686523 0.306452 0.692383 0.302053 0.692383 0.277126 0.699219 0.271261 0.703125 0.260997 0.706055 0.262463 0.712891 0.253666 0.714844 0.236070 0.722656 0.225806 0.733398 0.221408 0.737305 0.211144
0 0.653320 0.082111 0.623047 0.095308 0.618164 0.104106 0.617188 0.114370 0.607422 0.117302 0.594727 0.131965 0.596680 0.136364 0.578125 0.164223 0.578125 0.171554 0.573242 0.178886 0.575195 0.190616 0.569336 0.196481 0.569336 0.205279 0.562500 0.211144 0.556641 0.225806 0.556641 0.244868 0.562500 0.256598 0.557617 0.259531 0.554688 0.268328 0.544922 0.268328 0.531250 0.287390 0.531250 0.307918 0.527344 0.313783 0.516602 0.315249 0.505859 0.334311 0.491211 0.348974 0.488281 0.357771 0.490234 0.375367 0.469727 0.404692 0.468750 0.425220 0.454102 0.442815 0.453125 0.463343 0.456055 0.469208 0.440430 0.497067 0.437500 0.521994 0.428711 0.545455 0.428711 0.552786 0.431641 0.555718 0.429688 0.561584 0.434570 0.573314 0.427734 0.582111 0.421875 0.601173 0.421875 0.618768 0.424805 0.629032 0.421875 0.630499 0.418945 0.645161 0.421875 0.674487 0.427734 0.686217 0.424805 0.706745 0.427734 0.709677 0.427734 0.718475 0.440430 0.739003 0.440430 0.749267 0.444336 0.756598 0.449219 0.753666 0.453125 0.737537 0.452148 0.719941 0.449219 0.717009 0.455078 0.684751 0.452148 0.658358 0.460938 0.651026 0.464844 0.642229 0.462891 0.626100 0.476562 0.596774 0.474609 0.583578 0.483398 0.571848 0.486328 0.561584 0.484375 0.546921 0.489258 0.543988 0.494141 0.521994 0.504883 0.501466 0.502930 0.492669 0.524414 0.458944 0.528320 0.448680 0.528320 0.438416 0.545898 0.407625 0.545898 0.395894 0.554688 0.384164 0.558594 0.368035 0.561523 0.366569 0.562500 0.353372 0.570312 0.346041 0.572266 0.334311 0.577148 0.328446 0.577148 0.316716 0.581055 0.312317 0.583984 0.296188 0.586914 0.294721 0.592773 0.300587 0.598633 0.290323 0.595703 0.269795 0.590820 0.268328 0.578125 0.281525 0.570312 0.268328 0.583008 0.247801 0.581055 0.225806 0.592773 0.218475 0.602539 0.197947 0.608398 0.202346 0.618164 0.184751 0.625000 0.181818 0.630859 0.171554 0.630859 0.156891 0.635742 0.151026 0.650391 0.148094 0.655273 0.140762 0.655273 0.127566 0.662109 0.120235 0.663086 0.112903 0.671875 0.126100 0.676758 0.126100 0.680664 0.120235 0.674805 0.104106 0.668945 0.102639 0.663086 0.112903 0.658203 0.104106 0.659180 0.095308
0 0.591797 0.046921 0.591797 0.064516 0.596680 0.065982 0.601562 0.055718 0.599609 0.048387
0 0.581055 0.005865 0.573242 0.010264 0.572266 0.014663 0.563477 0.010264 0.555664 0.023460 0.547852 0.020528 0.543945 0.030792 0.533203 0.042522 0.526367 0.039589 0.516602 0.046921 0.512695 0.055718 0.512695 0.067449 0.490234 0.082111 0.485352 0.089443 0.484375 0.104106 0.487305 0.115836 0.484375 0.117302 0.484375 0.124633 0.472656 0.127566 0.461914 0.149560 0.438477 0.159824 0.426758 0.183284 0.416992 0.189150 0.407227 0.203812 0.406250 0.219941 0.390625 0.236070 0.388672 0.246334 0.390625 0.260997 0.381836 0.266862 0.367188 0.296188 0.367188 0.312317 0.360352 0.316716 0.359375 0.324047 0.354492 0.329912 0.349609 0.354839 0.334961 0.385630 0.333984 0.398827 0.329102 0.404692 0.326172 0.419355 0.328125 0.444282 0.323242 0.447214 0.316406 0.461877 0.319336 0.473607 0.322266 0.469208 0.332031 0.480938 0.327148 0.491202 0.331055 0.489736 0.333984 0.495601 0.337891 0.491202 0.343750 0.497067 0.344727 0.513196 0.347656 0.516129 0.344727 0.533724 0.349609 0.542522 0.353516 0.535191 0.350586 0.517595 0.358398 0.514663 0.360352 0.520528 0.357422 0.541056 0.361328 0.543988 0.364258 0.532258 0.359375 0.511730 0.364258 0.502933 0.365234 0.492669 0.362305 0.485337 0.374023 0.464809 0.372070 0.463343 0.374023 0.442815 0.379883 0.436950 0.380859 0.423754 0.386719 0.416422 0.389648 0.398827 0.399414 0.384164 0.397461 0.368035 0.405273 0.360704 0.418945 0.335777 0.420898 0.316716 0.439453 0.294721 0.440430 0.269795 0.462891 0.249267 0.467773 0.241935 0.465820 0.231672 0.471680 0.228739 0.475586 0.219941 0.489258 0.218475 0.496094 0.208211 0.494141 0.197947 0.499023 0.195015 0.503906 0.184751 0.514648 0.190616 0.523438 0.181818 0.523438 0.165689 0.530273 0.162757 0.539062 0.151026 0.540039 0.131965 0.544922 0.124633 0.546875 0.127566 0.554688 0.124633 0.561523 0.112903 0.559570 0.107038 0.561523 0.099707 0.556641 0.092375 0.557617 0.083578 0.565430 0.093842 0.574219 0.087977 0.572266 0.070381 0.561523 0.068915 0.564453 0.061584 0.562500 0.046921 0.571289 0.046921 0.576172 0.030792 0.585938 0.032258 0.586914 0.014663
0 0.433594 0.000000 0.375977 0.000000 0.372070 0.017595 0.360352 0.024927 0.348633 0.046921 0.344727 0.046921 0.343750 0.057185 0.340820 0.061584 0.338867 0.058651 0.328125 0.080645 0.323242 0.082111 0.316406 0.095308 0.318359 0.120235 0.308594 0.136364 0.303711 0.133431 0.294922 0.146628 0.291992 0.156891 0.294922 0.171554 0.282227 0.187683 0.281250 0.196481 0.266602 0.222874 0.265625 0.252199 0.257812 0.259531 0.256836 0.275660 0.250000 0.282991 0.250000 0.288856 0.241211 0.306452 0.240234 0.319648 0.234375 0.328446 0.234375 0.335777 0.244141 0.351906 0.248047 0.369501 0.254883 0.370968 0.260742 0.382698 0.264648 0.379765 0.264648 0.372434 0.267578 0.370968 0.265625 0.369501 0.267578 0.351906 0.275391 0.332845 0.274414 0.328446 0.280273 0.319648 0.280273 0.309384 0.295898 0.277126 0.295898 0.266862 0.306641 0.247801 0.312500 0.225806 0.317383 0.219941 0.317383 0.211144 0.322266 0.199413 0.327148 0.196481 0.334961 0.170088 0.342773 0.162757 0.358398 0.134897 0.358398 0.127566 0.371094 0.115836 0.369141 0.089443 0.384766 0.073314 0.384766 0.065982 0.389648 0.061584 0.390625 0.054252 0.396484 0.055718 0.398438 0.046921 0.405273 0.045455 0.409180 0.033724 0.415039 0.030792 0.415039 0.024927 0.427734 0.013196
0 0.290039 0.000000 0.257812 0.001466 0.250000 0.019062 0.238281 0.032258 0.231445 0.051320 0.219727 0.063050 0.212891 0.087977 0.204102 0.099707 0.203125 0.111437 0.198242 0.114370 0.191406 0.133431 0.195312 0.145161 0.191406 0.162757 0.201172 0.183284 0.208008 0.184751 0.218750 0.158358 0.218750 0.142229 0.224609 0.139296 0.233398 0.126100 0.240234 0.093842 0.255859 0.073314 0.261719 0.057185 0.261719 0.048387 0.274414 0.026393 0.275391 0.016129