0 0.884766 0.906158 0.880859 0.910557 0.881836 0.917889 0.884766 0.919355 0.889648 0.913490
0 0.906250 0.879765 0.903320 0.890029 0.909180 0.894428 0.912109 0.884164
0 0.922852 0.863636 0.921875 0.872434 0.926758 0.872434 0.927734 0.865103
0 0.900391 0.848974 0.897461 0.846041 0.891602 0.850440 0.890625 0.859238 0.900391 0.857771
0 0.701172 0.841642 0.700195 0.847507 0.703125 0.848974 0.705078 0.844575
0 0.941406 0.835777 0.941406 0.843109 0.944336 0.843109 0.946289 0.837243
0 0.662109 0.832845 0.666016 0.835777 0.665039 0.831378
0 0.262695 0.828446 0.259766 0.835777 0.262695 0.834311
0 0.930664 0.822581 0.925781 0.825513 0.928711 0.834311 0.931641 0.829912
0 0.686523 0.813783 0.681641 0.816716 0.684570 0.825513 0.687500 0.821114
0 0.940430 0.793255 0.935547 0.794721 0.934570 0.800587 0.940430 0.802053
0 0.041016 0.790323 0.038086 0.793255 0.038086 0.802053 0.042969 0.806452 0.046875 0.797654 0.045898 0.791789
0 0.718750 0.781525 0.715820 0.780059 0.711914 0.785924 0.712891 0.800587 0.717773 0.800587 0.721680 0.790323
0 0.699219 0.774194 0.696289 0.771261 0.693359 0.778592 0.697266 0.780059
0 0.715820 0.734604 0.709961 0.734604 0.708984 0.740469 0.714844 0.740469
0 0.039062 0.734604 0.039062 0.740469 0.045898 0.740469 0.045898 0.734604
0 0.265625 0.728739 0.262695 0.736070 0.267578 0.740469 0.268555 0.731672
0 0.295898 0.714076 0.293945 0.719941 0.296875 0.718475
0 0.497070 0.711144 0.494141 0.718475 0.499023 0.721408 0.500000 0.715543
0 0.924805 0.708211 0.925781 0.717009 0.928711 0.717009 0.930664 0.711144
0 0.265625 0.703812 0.263672 0.709677 0.268555 0.712610 0.270508 0.705279
0 0.530273 0.699413 0.526367 0.700880 0.528320 0.706745
0 0.053711 0.687683 0.052734 0.695015 0.061523 0.699413 0.061523 0.686217
0 0.707031 0.686217 0.707031 0.693548 0.714844 0.695015 0.710938 0.684751
0 0.531250 0.675953 0.529297 0.686217 0.534180 0.689150 0.537109 0.681818
0 0.286133 0.673021 0.281250 0.675953 0.284180 0.683284 0.287109 0.680352
0 0.517578 0.661290 0.509766 0.664223 0.506836 0.671554 0.508789 0.683284 0.514648 0.684751 0.520508 0.675953
0 0.532227 0.662757 0.534180 0.667155 0.540039 0.667155 0.536133 0.658358
0 0.735352 0.634897 0.737305 0.642229 0.742188 0.637830 0.739258 0.633431
0 0.286133 0.633431 0.282227 0.634897 0.284180 0.642229 0.287109 0.637830
0 0.297852 0.629032 0.296875 0.637830 0.299805 0.642229 0.308594 0.642229 0.308594 0.629032
0 0.495117 0.624633 0.494141 0.631965 0.499023 0.633431 0.500000 0.626100
0 0.765625 0.617302 0.767578 0.623167 0.768555 0.617302
0 0.743164 0.609971 0.743164 0.615836 0.746094 0.614370 0.746094 0.609971
0 0.508789 0.609971 0.514648 0.605572 0.508789 0.605572
0 0.760742 0.596774 0.763672 0.601173 0.767578 0.599707 0.767578 0.592375 0.763672 0.590909
0 0.729492 0.592375 0.728516 0.599707 0.736328 0.599707 0.736328 0.593842
0 0.049805 0.593842 0.052734 0.604106 0.062500 0.601173 0.061523 0.592375 0.056641 0.587977
0 0.289062 0.586510 0.291992 0.592375 0.295898 0.590909 0.295898 0.583578
0 0.500000 0.560117 0.498047 0.565982 0.504883 0.568915 0.504883 0.560117
0 0.750977 0.563050 0.754883 0.565982 0.758789 0.560117 0.753906 0.558651
0 0.516602 0.551320 0.518555 0.558651 0.527344 0.557185 0.531250 0.561584 0.530273 0.555718 0.524414 0.549853
0 0.297852 0.539589 0.302734 0.548387 0.311523 0.545455 0.306641 0.535191 0.299805 0.535191
0 0.069336 0.535191 0.069336 0.542522 0.074219 0.542522 0.074219 0.536657
0 0.740234 0.516129 0.743164 0.524927 0.746094 0.517595
0 0.779297 0.511730 0.778320 0.514663 0.783203 0.519062 0.783203 0.511730
0 0.295898 0.507331 0.293945 0.504399 0.289062 0.508798 0.289062 0.514663 0.293945 0.514663
0 0.056641 0.502933 0.056641 0.510264 0.064453 0.510264 0.061523 0.501466
0 0.791992 0.498534 0.795898 0.502933 0.795898 0.497067
0 0.550781 0.489736 0.550781 0.497067 0.558594 0.500000 0.558594 0.494135
0 0.745117 0.485337 0.745117 0.491202 0.750000 0.495601 0.751953 0.485337
0 0.506836 0.479472 0.509766 0.488270 0.514648 0.482405 0.511719 0.478006
0 0.310547 0.461877 0.309570 0.469208 0.314453 0.469208
0 0.073242 0.461877 0.072266 0.472141 0.075195 0.476540 0.083008 0.472141 0.083984 0.466276
0 0.574219 0.456012 0.571289 0.451613 0.568359 0.456012 0.569336 0.458944
0 0.748047 0.434018 0.748047 0.439883 0.754883 0.441349 0.754883 0.434018
0 0.093750 0.432551 0.091797 0.445748 0.094727 0.450147 0.101562 0.448680 0.102539 0.438416 0.098633 0.432551
0 0.573242 0.431085 0.573242 0.439883 0.577148 0.439883 0.577148 0.432551
0 0.080078 0.426686 0.073242 0.428152 0.066406 0.441349 0.071289 0.445748 0.080078 0.435484
0 0.337891 0.423754 0.338867 0.429619 0.342773 0.431085 0.342773 0.423754
0 0.804688 0.407625 0.803711 0.413490 0.806641 0.416422 0.808594 0.409091
0 0.552734 0.407625 0.547852 0.413490 0.549805 0.420821 0.554688 0.416422
0 0.337891 0.390029 0.338867 0.401760 0.343750 0.403226 0.345703 0.395894 0.342773 0.390029
0 0.093750 0.384164 0.095703 0.390029 0.096680 0.384164
0 0.079102 0.379765 0.078125 0.388563 0.083008 0.390029 0.083984 0.381232
0 0.576172 0.368035 0.578125 0.373900 0.581055 0.373900
0 0.778320 0.368035 0.779297 0.373900 0.784180 0.370968
0 0.799805 0.362170 0.802734 0.369501 0.803711 0.363636
0 0.561523 0.357771 0.556641 0.356305 0.552734 0.365103 0.555664 0.369501 0.561523 0.366569
0 0.299805 0.348974 0.297852 0.354839 0.302734 0.356305 0.303711 0.348974
0 0.566406 0.347507 0.572266 0.351906 0.575195 0.344575 0.569336 0.343109
0 0.319336 0.340176 0.318359 0.346041 0.321289 0.347507 0.321289 0.340176
0 0.784180 0.329912 0.785156 0.337243 0.790039 0.335777 0.790039 0.329912
0 0.088867 0.310850 0.088867 0.318182 0.095703 0.318182 0.092773 0.309384
0 0.110352 0.304985 0.113281 0.312317 0.118164 0.309384 0.115234 0.302053
0 0.310547 0.297654 0.313477 0.307918 0.319336 0.303519 0.315430 0.297654
0 0.797852 0.293255 0.797852 0.300587 0.802734 0.303519 0.805664 0.300587 0.802734 0.291789
0 0.577148 0.291789 0.572266 0.291789 0.569336 0.300587 0.577148 0.300587
0 0.108398 0.272727 0.104492 0.274194 0.104492 0.281525 0.108398 0.281525
0 0.356445 0.259531 0.351562 0.259531 0.350586 0.266862 0.355469 0.268328
0 0.611328 0.255132 0.607422 0.255132 0.606445 0.260997 0.609375 0.260997
0 0.593750 0.233138 0.594727 0.237537 0.599609 0.237537 0.598633 0.231672
0 0.835938 0.230205 0.835938 0.239003 0.840820 0.247801 0.842773 0.234604
0 0.398438 0.211144 0.398438 0.219941 0.405273 0.224340 0.405273 0.215543
0 0.356445 0.211144 0.356445 0.218475 0.361328 0.218475 0.359375 0.211144
0 0.125000 0.211144 0.125000 0.221408 0.129883 0.225806 0.132812 0.221408 0.130859 0.211144
0 0.630859 0.209677 0.628906 0.218475 0.634766 0.224340 0.637695 0.219941 0.636719 0.212610
0 0.407227 0.197947 0.406250 0.205279 0.411133 0.205279 0.411133 0.199413
0 0.139648 0.193548 0.135742 0.189150 0.130859 0.200880 0.136719 0.200880
0 0.622070 0.180352 0.615234 0.180352 0.612305 0.187683 0.622070 0.184751
0 0.409180 0.156891 0.410156 0.162757 0.415039 0.162757 0.413086 0.155425
0 0.338867 0.152493 0.338867 0.158358 0.349609 0.162757 0.349609 0.152493 0.342773 0.149560
0 0.140625 0.142229 0.138672 0.149560 0.142578 0.153959 0.143555 0.146628
0 0.393555 0.137830 0.393555 0.140762 0.399414 0.139296
0 0.631836 0.114370 0.633789 0.126100 0.637695 0.121701
0 0.327148 0.082111 0.323242 0.082111 0.320312 0.092375 0.327148 0.092375