0 0.830078 0.906158 0.825195 0.910557 0.826172 0.914956
0 0.850586 0.860704 0.846680 0.868035 0.853516 0.878299 0.855469 0.863636
0 0.896484 0.816716 0.890625 0.825513 0.891602 0.829912 0.897461 0.824047
0 0.923828 0.799120 0.921875 0.806452 0.923828 0.806452
0 0.891602 0.771261 0.897461 0.775660 0.893555 0.785924 0.895508 0.788856 0.899414 0.778592 0.895508 0.771261
0 0.728516 0.695015 0.722656 0.697947 0.722656 0.702346
0 0.740234 0.662757 0.741211 0.671554 0.749023 0.670088 0.749023 0.664223 0.744141 0.667155
0 0.833008 0.621701 0.825195 0.627566 0.830078 0.627566
0 0.820312 0.574780 0.818359 0.585044 0.824219 0.590909 0.827148 0.579179
0 0.865234 0.555718 0.860352 0.558651 0.862305 0.563050
0 0.843750 0.527859 0.843750 0.533724 0.846680 0.533724
0 0.640625 0.527859 0.642578 0.533724 0.643555 0.527859
0 0.900391 0.502933 0.897461 0.504399 0.898438 0.510264 0.902344 0.505865
0 0.646484 0.479472 0.648438 0.486804 0.650391 0.480938
0 0.686523 0.419355 0.682617 0.425220 0.686523 0.425220
0 0.681641 0.404692 0.675781 0.413490 0.677734 0.416422
0 0.523438 0.328446 0.518555 0.334311 0.519531 0.338710 0.524414 0.337243
0 0.727539 0.328446 0.722656 0.326979 0.723633 0.337243 0.719727 0.337243 0.717773 0.329912 0.713867 0.335777 0.723633 0.343109 0.723633 0.338710 0.728516 0.335777
0 0.793945 0.263930 0.791992 0.269795 0.793945 0.275660 0.795898 0.272727
0 0.808594 0.250733 0.803711 0.255132 0.806641 0.260997 0.809570 0.258065
0 0.833008 0.239003 0.829102 0.241935 0.831055 0.244868
0 0.539062 0.236070 0.531250 0.243402 0.531250 0.252199 0.535156 0.256598 0.542969 0.252199
0 0.784180 0.227273 0.788086 0.230205 0.787109 0.225806
0 0.567383 0.212610 0.563477 0.212610 0.563477 0.221408 0.567383 0.218475
0 0.552734 0.208211 0.549805 0.206745 0.546875 0.215543
0 0.380859 0.189150 0.377930 0.192082 0.378906 0.196481
0 0.823242 0.187683 0.825195 0.192082 0.823242 0.197947 0.825195 0.197947 0.827148 0.189150
0 0.558594 0.180352 0.550781 0.187683 0.556641 0.192082
0 0.391602 0.159824 0.391602 0.162757 0.396484 0.162757 0.395508 0.156891
0 0.422852 0.085044 0.421875 0.092375 0.426758 0.092375 0.426758 0.086510
0 0.620117 0.080645 0.620117 0.085044 0.624023 0.083578
0 0.250977 0.065982 0.250000 0.068915 0.254883 0.074780 0.255859 0.070381
0 0.655273 0.051320 0.651367 0.052786 0.651367 0.060117
0 0.257812 0.046921 0.255859 0.051320 0.259766 0.061584 0.264648 0.060117 0.262695 0.057185 0.264648 0.048387
0 0.446289 0.011730 0.440430 0.016129 0.440430 0.021994 0.445312 0.021994