0 0.447266 0.724340 0.452148 0.731672 0.456055 0.725806
0 0.377930 0.705279 0.372070 0.711144 0.374023 0.715543
0 0.466797 0.702346 0.463867 0.700880 0.460938 0.706745 0.462891 0.709677
0 0.625000 0.697947 0.620117 0.706745 0.624023 0.717009 0.628906 0.705279
0 0.574219 0.697947 0.570312 0.697947 0.567383 0.705279 0.567383 0.712610 0.570312 0.715543 0.573242 0.712610 0.570312 0.705279 0.574219 0.702346
0 0.516602 0.697947 0.507812 0.705279 0.497070 0.725806 0.499023 0.733138 0.504883 0.725806 0.504883 0.719941 0.507812 0.722874 0.508789 0.717009 0.511719 0.721408 0.514648 0.719941 0.516602 0.714076 0.510742 0.709677 0.519531 0.702346
0 0.395508 0.697947 0.388672 0.693548 0.379883 0.703812 0.382812 0.708211 0.388672 0.706745 0.390625 0.702346 0.395508 0.702346
0 0.525391 0.692082 0.521484 0.697947 0.526367 0.703812 0.529297 0.697947
0 0.463867 0.693548 0.460938 0.692082 0.455078 0.697947 0.449219 0.712610 0.452148 0.714076 0.455078 0.708211 0.458008 0.717009 0.460938 0.711144 0.456055 0.706745
0 0.639648 0.686217 0.635742 0.684751 0.630859 0.692082 0.630859 0.699413 0.633789 0.700880 0.638672 0.695015
0 0.531250 0.684751 0.533203 0.690616 0.534180 0.686217
0 0.470703 0.684751 0.467773 0.692082 0.473633 0.696481 0.476562 0.689150
0 0.411133 0.684751 0.407227 0.689150 0.410156 0.693548 0.414062 0.687683
0 0.397461 0.681818 0.397461 0.687683 0.400391 0.689150 0.401367 0.683284
0 0.682617 0.680352 0.680664 0.690616 0.684570 0.693548 0.686523 0.686217
0 0.327148 0.674487 0.333008 0.680352 0.335938 0.677419 0.335938 0.673021
0 0.636719 0.670088 0.631836 0.681818 0.636719 0.678886
0 0.530273 0.670088 0.525391 0.674487 0.527344 0.678886 0.530273 0.677419
0 0.477539 0.670088 0.475586 0.677419 0.479492 0.675953
0 0.486328 0.668622 0.483398 0.670088 0.484375 0.675953 0.487305 0.674487
0 0.424805 0.668622 0.421875 0.671554 0.423828 0.674487 0.426758 0.671554
0 0.687500 0.664223 0.685547 0.673021 0.690430 0.673021
0 0.343750 0.664223 0.349609 0.670088 0.354492 0.667155 0.353516 0.661290 0.348633 0.659824
0 0.488281 0.655425 0.485352 0.658358 0.486328 0.662757 0.490234 0.661290
0 0.250977 0.656891 0.252930 0.662757 0.257812 0.661290 0.254883 0.655425
0 0.732422 0.652493 0.732422 0.664223 0.737305 0.662757 0.738281 0.656891
0 0.597656 0.661290 0.592773 0.664223 0.589844 0.653959 0.584961 0.652493 0.583984 0.656891 0.588867 0.662757 0.582031 0.675953 0.578125 0.673021 0.575195 0.687683 0.582031 0.686217 0.587891 0.674487 0.585938 0.670088 0.589844 0.665689 0.591797 0.668622 0.589844 0.673021 0.592773 0.674487
0 0.430664 0.656891 0.426758 0.658358 0.424805 0.652493 0.421875 0.652493 0.419922 0.664223 0.413086 0.675953 0.411133 0.668622 0.406250 0.674487 0.409180 0.680352 0.415039 0.678886 0.420898 0.665689 0.425781 0.661290 0.430664 0.664223
0 0.353516 0.652493 0.353516 0.656891 0.359375 0.655425 0.357422 0.662757 0.362305 0.659824 0.358398 0.651026
0 0.284180 0.646628 0.279297 0.643695 0.274414 0.648094 0.278320 0.655425
0 0.591797 0.639296 0.587891 0.648094 0.590820 0.648094 0.592773 0.653959 0.596680 0.648094
0 0.694336 0.637830 0.690430 0.652493 0.687500 0.651026 0.687500 0.645161 0.688477 0.661290 0.696289 0.651026 0.697266 0.642229
0 0.372070 0.637830 0.364258 0.645161 0.367188 0.651026 0.365234 0.655425 0.375977 0.649560
0 0.738281 0.636364 0.736328 0.634897 0.734375 0.640762
0 0.437500 0.634897 0.435547 0.646628 0.441406 0.649560 0.443359 0.643695 0.440430 0.643695
0 0.294922 0.634897 0.299805 0.636364 0.300781 0.643695 0.304688 0.643695 0.307617 0.637830 0.300781 0.633431 0.302734 0.630499
0 0.444336 0.624633 0.442383 0.630499 0.447266 0.629032 0.449219 0.634897 0.452148 0.627566
0 0.689453 0.623167 0.688477 0.629032 0.691406 0.631965 0.693359 0.624633
0 0.393555 0.623167 0.389648 0.620235 0.379883 0.631965 0.388672 0.634897 0.388672 0.629032
0 0.744141 0.615836 0.741211 0.621701 0.734375 0.621701 0.738281 0.631965 0.745117 0.629032 0.741211 0.623167 0.742188 0.620235 0.745117 0.624633
0 0.598633 0.615836 0.593750 0.631965 0.597656 0.642229 0.601562 0.640762 0.598633 0.646628 0.602539 0.648094 0.604492 0.642229 0.601562 0.636364 0.607422 0.629032 0.601562 0.633431 0.601562 0.629032 0.597656 0.626100 0.600586 0.621701
0 0.328125 0.620235 0.325195 0.615836 0.317383 0.620235 0.312500 0.634897 0.317383 0.634897 0.322266 0.623167 0.326172 0.627566
0 0.657227 0.614370 0.654297 0.623167 0.646484 0.626100 0.641602 0.642229 0.640625 0.659824 0.642578 0.659824 0.641602 0.652493 0.648438 0.653959 0.641602 0.673021 0.651367 0.665689 0.648438 0.648094 0.651367 0.648094 0.657227 0.634897 0.656250 0.629032 0.660156 0.620235
0 0.450195 0.618768 0.458008 0.620235 0.455078 0.614370
0 0.252930 0.611437 0.249023 0.607038 0.241211 0.617302 0.246094 0.618768
0 0.244141 0.605572 0.238281 0.605572 0.234375 0.614370 0.238281 0.617302 0.236328 0.611437
0 0.262695 0.599707 0.267578 0.605572 0.270508 0.604106 0.267578 0.595308
0 0.733398 0.595308 0.734375 0.609971 0.737305 0.608504 0.734375 0.602639 0.736328 0.599707 0.742188 0.609971 0.746094 0.607038 0.744141 0.599707 0.742188 0.602639 0.735352 0.592375
0 0.614258 0.592375 0.606445 0.605572 0.610352 0.611437 0.613281 0.609971 0.612305 0.605572 0.616211 0.598240
0 0.271484 0.592375 0.270508 0.595308 0.277344 0.602639 0.282227 0.598240 0.278320 0.596774 0.277344 0.590909
0 0.694336 0.587977 0.691406 0.595308 0.694336 0.601173 0.691406 0.605572 0.693359 0.608504 0.691406 0.614370 0.696289 0.618768 0.696289 0.633431 0.696289 0.629032 0.700195 0.626100 0.700195 0.615836 0.695312 0.614370 0.698242 0.607038 0.701172 0.607038 0.702148 0.596774 0.699219 0.592375 0.700195 0.598240 0.696289 0.601173
0 0.372070 0.589443 0.367188 0.583578 0.344727 0.604106 0.335938 0.605572 0.333008 0.612903 0.339844 0.620235 0.357422 0.604106 0.353516 0.601173 0.359375 0.593842 0.361328 0.599707
0 0.306641 0.582111 0.298828 0.579179 0.294922 0.585044 0.298828 0.590909
0 0.791992 0.577713 0.789062 0.582111 0.793945 0.590909 0.794922 0.580645
0 0.656250 0.570381 0.654297 0.582111 0.660156 0.587977 0.650391 0.601173 0.660156 0.605572 0.661133 0.583578 0.656250 0.580645 0.660156 0.571848
0 0.307617 0.574780 0.312500 0.577713 0.311523 0.582111 0.320312 0.577713 0.317383 0.570381
0 0.733398 0.570381 0.732422 0.580645 0.744141 0.579179 0.741211 0.571848 0.738281 0.577713 0.736328 0.570381
0 0.189453 0.567449 0.188477 0.573314 0.191406 0.574780 0.192383 0.570381
0 0.789062 0.560117 0.788086 0.567449 0.785156 0.567449 0.784180 0.561584 0.780273 0.564516 0.784180 0.579179 0.791016 0.574780 0.791992 0.565982
0 0.223633 0.563050 0.215820 0.560117 0.205078 0.567449 0.202148 0.563050 0.194336 0.567449 0.207031 0.574780 0.210938 0.571848 0.208984 0.564516 0.220703 0.570381
0 0.323242 0.567449 0.330078 0.571848 0.339844 0.565982 0.340820 0.561584 0.331055 0.558651
0 0.252930 0.555718 0.247070 0.552786 0.239258 0.558651 0.234375 0.557185 0.231445 0.564516 0.234375 0.567449 0.241211 0.565982 0.243164 0.561584 0.250000 0.563050
0 0.731445 0.551320 0.730469 0.560117 0.735352 0.564516 0.739258 0.557185 0.738281 0.552786 0.735352 0.551320 0.734375 0.555718
0 0.695312 0.551320 0.693359 0.554252 0.698242 0.563050 0.694336 0.567449 0.701172 0.577713 0.698242 0.582111 0.695312 0.576246 0.693359 0.582111 0.698242 0.589443 0.702148 0.583578 0.701172 0.555718
0 0.822266 0.542522 0.830078 0.567449 0.831055 0.558651 0.827148 0.543988
0 0.287109 0.542522 0.281250 0.538123 0.273438 0.546921 0.267578 0.543988 0.266602 0.549853 0.261719 0.546921 0.257812 0.551320 0.259766 0.557185 0.264648 0.557185 0.265625 0.549853 0.268555 0.551320 0.267578 0.555718 0.285156 0.548387
0 0.773438 0.535191 0.777344 0.549853 0.780273 0.551320 0.781250 0.542522 0.783203 0.549853 0.786133 0.548387 0.782227 0.535191
0 0.290039 0.535191 0.291016 0.541056 0.296875 0.542522 0.293945 0.535191
0 0.727539 0.529326 0.723633 0.532258 0.726562 0.536657 0.729492 0.533724
0 0.775391 0.529326 0.780273 0.532258 0.780273 0.526393
0 0.172852 0.523460 0.186523 0.532258 0.199219 0.524927 0.198242 0.521994 0.191406 0.526393 0.183594 0.521994
0 0.817383 0.520528 0.815430 0.529326 0.820312 0.539589 0.824219 0.530792
0 0.145508 0.526393 0.146484 0.529326 0.158203 0.526393 0.166992 0.532258 0.172852 0.529326 0.164062 0.521994 0.159180 0.526393 0.153320 0.519062
0 0.224609 0.521994 0.218750 0.517595 0.215820 0.521994 0.208984 0.520528 0.207031 0.524927 0.213867 0.529326
0 0.246094 0.517595 0.242188 0.513196 0.234375 0.516129 0.239258 0.523460
0 0.815430 0.511730 0.811523 0.508798 0.807617 0.511730 0.810547 0.517595
0 0.763672 0.511730 0.768555 0.523460 0.775391 0.517595 0.770508 0.508798
0 0.265625 0.511730 0.262695 0.507331 0.250977 0.511730 0.250977 0.516129 0.254883 0.519062 0.264648 0.516129
0 0.835938 0.488270 0.835938 0.492669 0.839844 0.495601 0.840820 0.489736
0 0.794922 0.483871 0.801758 0.504399 0.809570 0.502933 0.807617 0.495601 0.800781 0.497067 0.802734 0.492669 0.800781 0.485337
0 0.219727 0.485337 0.212891 0.482405 0.205078 0.486804 0.215820 0.489736
0 0.227539 0.483871 0.229492 0.488270 0.234375 0.485337 0.232422 0.480938
0 0.254883 0.483871 0.250977 0.476540 0.239258 0.480938 0.245117 0.486804
0 0.141602 0.472141 0.143555 0.479472 0.150391 0.479472
0 0.823242 0.469208 0.829102 0.480938 0.833984 0.476540 0.827148 0.466276
0 0.781250 0.464809 0.781250 0.469208 0.789062 0.478006 0.792969 0.475073 0.788086 0.466276
0 0.817383 0.454545 0.815430 0.457478 0.817383 0.464809 0.821289 0.464809 0.822266 0.458944
0 0.232422 0.453079 0.230469 0.447214 0.221680 0.451613 0.226562 0.456012
0 0.180664 0.444282 0.181641 0.448680 0.188477 0.451613 0.193359 0.448680
0 0.799805 0.442815 0.806641 0.448680 0.804688 0.442815
0 0.142578 0.439883 0.169922 0.442815 0.151367 0.432551 0.150391 0.435484 0.147461 0.429619
0 0.816406 0.413490 0.827148 0.425220 0.822266 0.413490
0 0.188477 0.412023 0.192383 0.417889 0.203125 0.417889 0.194336 0.409091