0 0.629883 0.697947 0.625000 0.697947 0.625000 0.706745 0.620117 0.714076 0.622070 0.719941 0.613281 0.731672 0.615234 0.736070 0.621094 0.733138 0.622070 0.721408 0.629883 0.706745
0 0.452148 0.696481 0.448242 0.697947 0.446289 0.712610 0.438477 0.727273 0.441406 0.740469 0.446289 0.737537 0.449219 0.722874 0.447266 0.719941 0.452148 0.709677
0 0.808594 0.668622 0.804688 0.667155 0.792969 0.690616 0.787109 0.686217 0.790039 0.674487 0.784180 0.668622 0.781250 0.680352 0.776367 0.686217 0.778320 0.697947 0.774414 0.705279 0.768555 0.705279 0.766602 0.717009 0.771484 0.721408 0.762695 0.734604 0.765625 0.744868 0.756836 0.760997 0.758789 0.769795 0.750977 0.781525 0.740234 0.819648 0.729492 0.837243 0.727539 0.853372 0.718750 0.875367 0.713867 0.906158 0.717773 0.906158 0.722656 0.895894 0.727539 0.895894 0.731445 0.890029 0.731445 0.875367 0.736328 0.870968 0.737305 0.863636 0.740234 0.859238 0.746094 0.859238 0.747070 0.846041 0.751953 0.838710 0.750000 0.828446 0.754883 0.824047 0.759766 0.802053 0.769531 0.784457 0.771484 0.787390 0.772461 0.781525 0.780273 0.772727 0.781250 0.746334 0.786133 0.741935 0.791016 0.724340 0.795898 0.721408 0.796875 0.714076 0.801758 0.708211 0.803711 0.695015 0.811523 0.690616 0.811523 0.681818 0.806641 0.680352
0 0.464844 0.652493 0.459961 0.656891 0.459961 0.670088 0.453125 0.675953 0.453125 0.686217 0.458008 0.684751 0.458984 0.677419 0.464844 0.671554
0 0.655273 0.614370 0.647461 0.620235 0.647461 0.637830 0.637695 0.664223 0.637695 0.684751 0.658203 0.643695
0 0.822266 0.582111 0.816406 0.586510 0.812500 0.604106 0.797852 0.629032 0.793945 0.646628 0.789062 0.653959 0.789062 0.661290 0.794922 0.655425 0.798828 0.659824 0.800781 0.652493 0.811523 0.643695 0.814453 0.630499 0.808594 0.627566 0.809570 0.614370 0.816406 0.605572 0.827148 0.604106 0.828125 0.599707
0 0.697266 0.573314 0.688477 0.583578 0.687500 0.614370 0.682617 0.620235 0.677734 0.646628 0.669922 0.658358 0.668945 0.671554 0.663086 0.677419 0.662109 0.686217 0.656250 0.692082 0.656250 0.702346 0.648438 0.714076 0.640625 0.711144 0.640625 0.717009 0.635742 0.721408 0.633789 0.736070 0.628906 0.743402 0.631836 0.752199 0.630859 0.760997 0.619141 0.778592 0.625000 0.790323 0.619141 0.806452 0.609375 0.813783 0.613281 0.826979 0.609375 0.835777 0.609375 0.847507 0.606445 0.850440 0.607422 0.878299 0.612305 0.876833 0.622070 0.859238 0.627930 0.843109 0.627930 0.832845 0.633789 0.824047 0.632812 0.816716 0.639648 0.810850 0.642578 0.802053 0.643555 0.788856 0.640625 0.781525 0.646484 0.766862 0.646484 0.750733 0.655273 0.730205 0.655273 0.718475 0.670898 0.699413 0.673828 0.690616 0.671875 0.684751 0.677734 0.674487 0.677734 0.662757 0.674805 0.656891 0.683594 0.639296 0.683594 0.629032 0.695312 0.612903 0.693359 0.605572 0.696289 0.593842 0.702148 0.589443 0.702148 0.579179
0 0.494141 0.541056 0.491211 0.541056 0.488281 0.549853 0.490234 0.552786 0.494141 0.548387
0 0.456055 0.526393 0.453125 0.526393 0.448242 0.536657 0.448242 0.548387 0.452148 0.548387
0 0.852539 0.520528 0.847656 0.520528 0.840820 0.543988 0.829102 0.549853 0.828125 0.567449 0.840820 0.552786 0.842773 0.541056 0.852539 0.529326
0 0.700195 0.517595 0.695312 0.523460 0.690430 0.517595 0.681641 0.527859 0.679688 0.535191 0.675781 0.536657 0.671875 0.558651 0.663086 0.574780 0.663086 0.608504 0.676758 0.596774 0.686523 0.580645 0.687500 0.570381 0.681641 0.560117 0.688477 0.543988 0.695312 0.542522 0.702148 0.533724
0 0.465820 0.498534 0.459961 0.504399 0.461914 0.510264 0.467773 0.505865
0 0.292969 0.470674 0.288086 0.470674 0.285156 0.488270 0.290039 0.488270
0 0.469727 0.466276 0.465820 0.478006 0.473633 0.483871 0.476562 0.478006 0.474609 0.466276
0 0.764648 0.381232 0.759766 0.376833 0.755859 0.379765 0.748047 0.376833 0.734375 0.400293 0.734375 0.417889 0.726562 0.428152 0.719727 0.426686 0.717773 0.442815 0.711914 0.438416 0.707031 0.442815 0.707031 0.454545 0.704102 0.460411 0.707031 0.476540 0.698242 0.485337 0.696289 0.497067 0.698242 0.505865 0.714844 0.500000 0.723633 0.478006 0.721680 0.466276 0.739258 0.444282 0.744141 0.413490 0.755859 0.394428 0.760742 0.401760 0.764648 0.398827
0 0.780273 0.348974 0.776367 0.348974 0.766602 0.366569 0.766602 0.375367 0.769531 0.378299 0.775391 0.373900
0 0.337891 0.344575 0.319336 0.363636 0.315430 0.372434 0.315430 0.390029 0.311523 0.395894 0.302734 0.395894 0.297852 0.409091 0.296875 0.422287 0.299805 0.431085 0.296875 0.441349 0.299805 0.444282 0.303711 0.436950 0.307617 0.441349 0.302734 0.458944 0.297852 0.464809 0.296875 0.482405 0.291992 0.489736 0.291016 0.505865 0.287109 0.508798 0.282227 0.501466 0.279297 0.508798 0.281250 0.516129 0.286133 0.511730 0.288086 0.520528 0.278320 0.545455 0.281250 0.568915 0.272461 0.582111 0.272461 0.596774 0.265625 0.607038 0.268555 0.637830 0.277344 0.627566 0.281250 0.592375 0.287109 0.589443 0.290039 0.582111 0.290039 0.570381 0.295898 0.558651 0.295898 0.546921 0.305664 0.520528 0.309570 0.483871 0.318359 0.463343 0.321289 0.422287 0.325195 0.417889 0.327148 0.404692 0.333008 0.397361 0.333008 0.387097 0.339844 0.378299 0.340820 0.368035 0.336914 0.360704
0 0.509766 0.340176 0.500000 0.348974 0.485352 0.372434 0.484375 0.392962 0.479492 0.395894 0.477539 0.406158 0.469727 0.419355 0.471680 0.429619 0.476562 0.425220 0.485352 0.401760 0.490234 0.409091 0.499023 0.397361 0.499023 0.376833 0.504883 0.370968
0 0.530273 0.277126 0.522461 0.281525 0.515625 0.293255 0.510742 0.312317 0.514648 0.315249 0.515625 0.306452 0.521484 0.300587
0 0.593750 0.249267 0.588867 0.250733 0.581055 0.263930 0.578125 0.277126 0.585938 0.272727
0 0.574219 0.240469 0.562500 0.246334 0.547852 0.278592 0.550781 0.290323 0.538086 0.306452 0.532227 0.319648 0.535156 0.346041 0.531250 0.348974 0.528320 0.365103 0.519531 0.372434 0.519531 0.388563 0.509766 0.395894 0.508789 0.417889 0.500000 0.423754 0.498047 0.450147 0.500977 0.458944 0.498047 0.478006 0.491211 0.480938 0.485352 0.489736 0.487305 0.502933 0.472656 0.523460 0.474609 0.533724 0.468750 0.536657 0.468750 0.549853 0.461914 0.558651 0.461914 0.577713 0.453125 0.587977 0.453125 0.599707 0.444336 0.611437 0.443359 0.620235 0.447266 0.624633 0.446289 0.636364 0.437500 0.645161 0.440430 0.665689 0.437500 0.675953 0.428711 0.686217 0.429688 0.695015 0.437500 0.695015 0.445312 0.656891 0.455078 0.651026 0.462891 0.631965 0.462891 0.620235 0.470703 0.604106 0.470703 0.593842 0.467773 0.590909 0.470703 0.573314 0.468750 0.560117 0.483398 0.542522 0.495117 0.516129 0.498047 0.520528 0.497070 0.526393 0.504883 0.519062 0.502930 0.504399 0.509766 0.491202 0.514648 0.492669 0.520508 0.479472 0.520508 0.475073 0.514648 0.473607 0.514648 0.466276 0.526367 0.444282 0.534180 0.439883 0.530273 0.426686 0.537109 0.404692 0.541016 0.398827 0.546875 0.401760 0.554688 0.392962 0.570312 0.351906 0.566406 0.348974 0.561523 0.360704 0.553711 0.363636 0.552734 0.369501 0.547852 0.372434 0.545898 0.381232 0.541016 0.379765 0.541016 0.372434 0.543945 0.369501 0.543945 0.348974 0.541016 0.343109 0.549805 0.325513 0.549805 0.315249 0.570312 0.296188 0.565430 0.280059 0.571289 0.272727 0.568359 0.262463 0.575195 0.249267
0 0.608398 0.187683 0.604492 0.189150 0.592773 0.209677 0.582031 0.212610 0.579102 0.221408 0.582031 0.233138 0.586914 0.234604 0.592773 0.228739 0.592773 0.222874 0.608398 0.205279
0 0.377930 0.175953 0.375000 0.178886 0.375000 0.200880 0.377930 0.203812 0.375000 0.221408 0.367188 0.227273 0.364258 0.239003 0.354492 0.246334 0.356445 0.265396 0.350586 0.274194 0.349609 0.288856 0.337891 0.291789 0.333984 0.303519 0.332031 0.322581 0.337891 0.337243 0.342773 0.335777 0.343750 0.321114 0.351562 0.303519 0.358398 0.304985 0.365234 0.299120 0.369141 0.288856 0.369141 0.277126 0.379883 0.255132 0.380859 0.230205 0.383789 0.225806 0.384766 0.208211 0.389648 0.200880 0.389648 0.187683 0.381836 0.192082 0.380859 0.178886
0 0.405273 0.164223 0.393555 0.165689 0.391602 0.174487 0.394531 0.183284
0 0.421875 0.095308 0.412109 0.121701 0.417969 0.117302