0 0.908203 0.969208 0.906250 0.967742 0.904297 0.975073
0 0.911133 0.917889 0.907227 0.917889 0.907227 0.923754
0 0.538086 0.881232 0.542969 0.890029 0.542969 0.884164
0 0.545898 0.869501 0.541016 0.870968 0.541992 0.876833 0.545898 0.873900
0 0.984375 0.804985 0.979492 0.807918 0.983398 0.809384
0 0.967773 0.791789 0.963867 0.791789 0.962891 0.797654
0 0.452148 0.780059 0.447266 0.785924 0.448242 0.788856
0 0.462891 0.756598 0.461914 0.766862 0.467773 0.765396
0 0.700195 0.719941 0.693359 0.724340 0.694336 0.731672 0.699219 0.727273
0 0.692383 0.715543 0.688477 0.717009 0.688477 0.724340
0 0.656250 0.712610 0.656250 0.719941 0.658203 0.719941 0.659180 0.715543
0 0.727539 0.702346 0.728516 0.709677 0.730469 0.705279
0 0.660156 0.702346 0.660156 0.708211 0.665039 0.711144 0.664062 0.702346
0 0.515625 0.697947 0.520508 0.693548 0.516602 0.693548
0 0.679688 0.689150 0.671875 0.699413 0.679688 0.696481
0 0.770508 0.636364 0.764648 0.645161 0.760742 0.642229 0.760742 0.648094 0.770508 0.643695
0 0.754883 0.636364 0.750000 0.640762 0.750977 0.645161 0.754883 0.645161
0 0.572266 0.636364 0.568359 0.642229 0.571289 0.648094 0.575195 0.640762
0 0.567383 0.631965 0.563477 0.631965 0.563477 0.637830
0 0.733398 0.618768 0.729492 0.618768 0.728516 0.624633 0.733398 0.626100
0 0.952148 0.608504 0.945312 0.608504 0.944336 0.615836 0.949219 0.615836
0 0.735352 0.605572 0.734375 0.609971 0.739258 0.620235 0.740234 0.612903 0.743164 0.611437
0 0.602539 0.602639 0.597656 0.605572 0.601562 0.607038
0 0.595703 0.595308 0.593750 0.602639 0.596680 0.601173
0 0.416016 0.590909 0.412109 0.598240 0.416016 0.596774
0 0.777344 0.587977 0.773438 0.590909 0.775391 0.596774
0 0.803711 0.561584 0.802734 0.570381 0.806641 0.574780 0.808594 0.567449
0 0.817383 0.551320 0.810547 0.555718 0.813477 0.565982 0.815430 0.565982 0.815430 0.557185 0.818359 0.555718
0 0.777344 0.548387 0.773438 0.555718 0.780273 0.554252
0 0.392578 0.543988 0.390625 0.543988 0.390625 0.554252 0.393555 0.549853
0 0.484375 0.536657 0.479492 0.541056 0.483398 0.542522
0 0.417969 0.535191 0.414062 0.535191 0.414062 0.539589 0.417969 0.539589
0 0.865234 0.473607 0.866211 0.482405 0.868164 0.476540
0 0.677734 0.450147 0.679688 0.457478 0.680664 0.450147
0 0.839844 0.448680 0.835938 0.450147 0.835938 0.456012
0 0.546875 0.436950 0.544922 0.435484 0.541016 0.442815
0 0.539062 0.434018 0.535156 0.435484 0.534180 0.441349
0 0.831055 0.431085 0.829102 0.435484 0.833008 0.438416 0.833984 0.434018
0 0.465820 0.429619 0.467773 0.435484 0.468750 0.429619
0 0.480469 0.422287 0.477539 0.425220 0.478516 0.432551 0.481445 0.428152
0 0.931641 0.398827 0.933594 0.404692 0.934570 0.398827
0 0.885742 0.397361 0.885742 0.401760 0.889648 0.401760
0 0.874023 0.395894 0.871094 0.401760 0.867188 0.401760 0.867188 0.409091
0 0.866211 0.373900 0.868164 0.381232 0.869141 0.375367
0 0.859375 0.373900 0.856445 0.381232 0.861328 0.387097 0.858398 0.381232
0 0.524414 0.372434 0.519531 0.375367 0.518555 0.381232 0.521484 0.385630 0.524414 0.382698
0 0.239258 0.370968 0.234375 0.376833 0.239258 0.376833
0 0.269531 0.359238 0.268555 0.363636 0.271484 0.365103
0 0.518555 0.351906 0.512695 0.360704 0.513672 0.365103 0.520508 0.357771
0 0.275391 0.350440 0.277344 0.357771 0.278320 0.350440
0 0.417969 0.351906 0.413086 0.348974 0.407227 0.359238
0 0.916016 0.338710 0.916016 0.344575 0.920898 0.347507 0.918945 0.338710
0 0.427734 0.328446 0.422852 0.340176 0.428711 0.334311
0 0.922852 0.326979 0.921875 0.331378 0.924805 0.331378 0.927734 0.340176 0.926758 0.328446
0 0.597656 0.328446 0.602539 0.334311 0.601562 0.326979
0 0.546875 0.324047 0.546875 0.331378 0.549805 0.331378
0 0.552734 0.319648 0.555664 0.325513 0.555664 0.319648
0 0.750000 0.315249 0.747070 0.319648 0.748047 0.325513 0.751953 0.321114
0 0.443359 0.300587 0.441406 0.306452 0.445312 0.307918 0.446289 0.302053
0 0.296875 0.281525 0.296875 0.293255 0.298828 0.293255 0.301758 0.285924
0 0.071289 0.260997 0.066406 0.265396 0.069336 0.269795
0 0.643555 0.255132 0.635742 0.258065 0.634766 0.269795 0.637695 0.269795 0.638672 0.260997 0.642578 0.263930
0 0.324219 0.256598 0.320312 0.255132 0.319336 0.259531
0 0.290039 0.231672 0.285156 0.236070 0.290039 0.236070
0 0.311523 0.225806 0.307617 0.224340 0.304688 0.228739 0.308594 0.231672
0 0.103516 0.221408 0.099609 0.225806 0.100586 0.228739
0 0.492188 0.214076 0.487305 0.221408 0.488281 0.224340 0.493164 0.218475
0 0.036133 0.208211 0.032227 0.208211 0.031250 0.214076 0.036133 0.212610
0 0.499023 0.193548 0.494141 0.197947 0.495117 0.203812 0.499023 0.203812
0 0.060547 0.184751 0.057617 0.190616 0.061523 0.195015
0 0.611328 0.177419 0.604492 0.187683 0.603516 0.195015 0.606445 0.199413 0.609375 0.192082 0.608398 0.184751 0.614258 0.181818
0 0.055664 0.173021 0.050781 0.180352 0.054688 0.181818
0 0.121094 0.170088 0.116211 0.170088 0.116211 0.180352
0 0.330078 0.149560 0.326172 0.156891 0.328125 0.158358
0 0.374023 0.140762 0.370117 0.149560 0.374023 0.149560
0 0.710938 0.121701 0.707031 0.121701 0.707031 0.126100
0 0.370117 0.114370 0.374023 0.120235 0.374023 0.114370
0 0.650391 0.112903 0.652344 0.118768 0.653320 0.112903
0 0.124023 0.107038 0.120117 0.108504 0.120117 0.115836 0.124023 0.115836
0 0.369141 0.104106 0.362305 0.117302 0.365234 0.121701
0 0.362305 0.093842 0.359375 0.093842 0.359375 0.102639
0 0.570312 0.071848 0.568359 0.079179 0.571289 0.077713
0 0.562500 0.070381 0.553711 0.071848 0.556641 0.076246 0.555664 0.085044 0.559570 0.083578
0 0.716797 0.060117 0.712891 0.068915 0.718750 0.079179 0.724609 0.070381 0.723633 0.067449 0.718750 0.070381 0.718750 0.060117
0 0.131836 0.055718 0.130859 0.061584 0.133789 0.064516 0.136719 0.057185
0 0.400391 0.046921 0.396484 0.046921 0.394531 0.054252 0.399414 0.054252
0 0.583984 0.039589 0.581055 0.038123 0.578125 0.045455 0.583008 0.045455
0 0.577148 0.036657 0.573242 0.038123 0.573242 0.042522
0 0.146484 0.033724 0.143555 0.045455 0.149414 0.049853 0.149414 0.036657
0 0.684570 0.024927 0.681641 0.024927 0.680664 0.035191
0 0.433594 0.020528 0.427734 0.035191 0.433594 0.026393
0 0.707031 0.013196 0.707031 0.017595 0.710938 0.017595 0.710938 0.013196