0 0.597656 0.963343 0.609375 0.973607 0.610352 0.988270 0.625000 0.998534 0.642578 0.995601 0.724609 0.998534 0.717773 0.992669 0.703125 0.989736 0.695312 0.982405 0.687500 0.982405 0.684570 0.978006 0.671875 0.978006 0.625000 0.961877
0 0.713867 0.724340 0.713867 0.727273 0.720703 0.725806
0 0.552734 0.722874 0.564453 0.719941 0.561523 0.715543 0.555664 0.715543
0 0.616211 0.768328 0.620117 0.772727 0.632812 0.768328 0.634766 0.774194 0.642578 0.769795 0.640625 0.765396 0.650391 0.763930 0.658203 0.765396 0.657227 0.769795 0.663086 0.774194 0.686523 0.774194 0.695312 0.768328 0.698242 0.774194 0.706055 0.777126 0.717773 0.772727 0.718750 0.777126 0.724609 0.774194 0.728516 0.780059 0.726562 0.784457 0.712891 0.781525 0.711914 0.784457 0.715820 0.788856 0.736328 0.782991 0.737305 0.787390 0.751953 0.790323 0.757812 0.788856 0.749023 0.778592 0.754883 0.772727 0.752930 0.768328 0.760742 0.760997 0.763672 0.763930 0.768555 0.759531 0.774414 0.760997 0.770508 0.756598 0.774414 0.752199 0.762695 0.741935 0.753906 0.743402 0.749023 0.734604 0.737305 0.733138 0.735352 0.734604 0.737305 0.741935 0.722656 0.752199 0.724609 0.756598 0.718750 0.760997 0.706055 0.750733 0.706055 0.743402 0.711914 0.741935 0.711914 0.734604 0.702148 0.731672 0.704102 0.727273 0.711914 0.727273 0.712891 0.721408 0.706055 0.715543 0.693359 0.721408 0.695312 0.714076 0.685547 0.711144 0.684570 0.714076 0.660156 0.714076 0.655273 0.718475 0.647461 0.715543 0.640625 0.721408 0.646484 0.722874 0.651367 0.730205 0.665039 0.730205 0.664062 0.724340 0.667969 0.722874 0.671875 0.728739 0.668945 0.731672 0.674805 0.733138 0.669922 0.737537 0.688477 0.746334 0.695312 0.744868 0.697266 0.749267 0.699219 0.746334 0.700195 0.752199 0.690430 0.755132 0.668945 0.752199 0.655273 0.762463 0.650391 0.758065 0.640625 0.758065 0.630859 0.765396
0 0.630859 0.700880 0.638672 0.708211 0.646484 0.709677 0.689453 0.702346 0.686523 0.697947 0.676758 0.696481
0 0.560547 0.696481 0.562500 0.702346 0.566406 0.697947 0.575195 0.699413 0.568359 0.715543 0.571289 0.722874 0.601562 0.718475 0.599609 0.711144 0.603516 0.708211 0.607422 0.711144 0.607422 0.717009 0.619141 0.717009 0.625000 0.712610 0.624023 0.708211 0.626953 0.703812 0.624023 0.697947 0.607422 0.703812 0.605469 0.699413 0.609375 0.696481 0.605469 0.692082 0.584961 0.696481 0.585938 0.687683
0 0.658203 0.457478 0.648438 0.464809 0.638672 0.461877 0.630859 0.466276 0.631836 0.472141 0.635742 0.467742 0.641602 0.469208 0.640625 0.473607 0.631836 0.478006 0.648438 0.476540 0.650391 0.466276
0 0.485352 0.500000 0.493164 0.495601 0.499023 0.500000 0.500000 0.489736 0.502930 0.488270 0.499023 0.483871 0.500000 0.480938 0.510742 0.476540 0.513672 0.478006 0.510742 0.483871 0.512695 0.491202 0.515625 0.488270 0.530273 0.491202 0.533203 0.486804 0.531250 0.480938 0.540039 0.476540 0.544922 0.491202 0.538086 0.492669 0.537109 0.497067 0.545898 0.495601 0.546875 0.491202 0.561523 0.486804 0.562500 0.475073 0.572266 0.464809 0.575195 0.469208 0.571289 0.476540 0.580078 0.478006 0.582031 0.482405 0.577148 0.488270 0.568359 0.489736 0.557617 0.510264 0.578125 0.510264 0.581055 0.504399 0.575195 0.502933 0.579102 0.497067 0.601562 0.491202 0.602539 0.495601 0.596680 0.500000 0.608398 0.497067 0.603516 0.491202 0.604492 0.488270 0.624023 0.486804 0.624023 0.473607 0.626953 0.469208 0.624023 0.461877 0.630859 0.456012 0.606445 0.460411 0.608398 0.451613 0.600586 0.451613 0.589844 0.460411 0.575195 0.461877 0.571289 0.456012 0.560547 0.461877 0.558594 0.456012 0.561523 0.450147 0.558594 0.447214 0.550781 0.450147 0.547852 0.442815 0.540039 0.450147 0.539062 0.447214 0.534180 0.450147 0.537109 0.454545 0.534180 0.457478 0.526367 0.456012 0.521484 0.460411 0.509766 0.457478 0.505859 0.466276 0.494141 0.469208 0.488281 0.478006 0.496094 0.476540 0.497070 0.483871
0 0.608398 0.173021 0.597656 0.168622 0.592773 0.159824 0.586914 0.158358 0.587891 0.152493 0.581055 0.151026 0.576172 0.162757 0.579102 0.159824 0.586914 0.162757 0.581055 0.170088 0.569336 0.174487 0.562500 0.184751 0.559570 0.196481 0.568359 0.200880 0.572266 0.196481 0.590820 0.195015 0.601562 0.187683
0 0.568359 0.156891 0.556641 0.148094 0.559570 0.137830 0.546875 0.140762 0.548828 0.133431 0.541016 0.133431 0.532227 0.137830 0.531250 0.145161 0.519531 0.159824 0.519531 0.162757 0.524414 0.162757 0.524414 0.167155 0.509766 0.183284 0.503906 0.178886 0.491211 0.187683 0.490234 0.184751 0.496094 0.181818 0.497070 0.175953 0.491211 0.174487 0.490234 0.170088 0.497070 0.164223 0.485352 0.165689 0.481445 0.173021 0.473633 0.175953 0.454102 0.174487 0.446289 0.190616 0.441406 0.193548 0.440430 0.200880 0.451172 0.192082 0.456055 0.195015 0.421875 0.222874 0.421875 0.228739 0.414062 0.243402 0.418945 0.243402 0.418945 0.247801 0.406250 0.256598 0.400391 0.271261 0.417969 0.272727 0.425781 0.247801 0.434570 0.253666 0.442383 0.252199 0.444336 0.244868 0.452148 0.247801 0.464844 0.237537 0.462891 0.233138 0.466797 0.228739 0.478516 0.228739 0.482422 0.221408 0.505859 0.202346 0.501953 0.197947 0.502930 0.190616 0.505859 0.190616 0.507812 0.196481 0.508789 0.190616 0.515625 0.190616 0.525391 0.177419 0.530273 0.177419 0.531250 0.171554 0.538086 0.174487 0.535156 0.175953 0.534180 0.183284 0.542969 0.183284 0.546875 0.174487 0.548828 0.177419 0.552734 0.173021 0.546875 0.171554 0.550781 0.164223 0.562500 0.162757
0 0.334961 0.038123 0.328125 0.045455 0.333008 0.045455
0 0.309570 0.033724 0.304688 0.035191 0.304688 0.041056 0.306641 0.042522
0 0.372070 0.014663 0.367188 0.016129 0.367188 0.021994
0 0.380859 0.000000 0.356445 0.000000 0.356445 0.005865 0.350586 0.002933 0.353516 0.000000 0.344727 0.000000 0.348633 0.000000 0.349609 0.004399 0.346680 0.008798 0.344727 0.004399 0.346680 0.010264 0.342773 0.019062 0.332031 0.023460 0.328125 0.019062 0.329102 0.014663 0.333984 0.013196 0.332031 0.010264 0.323242 0.019062 0.324219 0.023460 0.318359 0.027859 0.313477 0.024927 0.313477 0.032258 0.316406 0.033724 0.310547 0.045455 0.319336 0.041056 0.320312 0.036657 0.337891 0.032258 0.343750 0.019062 0.348633 0.019062 0.357422 0.008798 0.365234 0.004399 0.371094 0.008798