0 0.509766 0.586510 0.510742 0.592375 0.514648 0.587977
0 0.623047 0.570381 0.617188 0.574780 0.620117 0.577713 0.618164 0.585044 0.620117 0.582111 0.621094 0.585044
0 0.680664 0.568915 0.682617 0.585044 0.681641 0.579179 0.685547 0.571848 0.687500 0.576246
0 0.447266 0.561584 0.443359 0.565982 0.447266 0.565982
0 0.201172 0.472141 0.201172 0.475073 0.204102 0.472141 0.206055 0.482405 0.209961 0.480938 0.207031 0.479472 0.208008 0.473607
0 0.733398 0.453079 0.742188 0.458944 0.738281 0.453079 0.736328 0.456012
0 0.203125 0.436950 0.205078 0.451613 0.207031 0.447214 0.204102 0.448680 0.203125 0.444282 0.207031 0.444282 0.208008 0.439883
0 0.274414 0.431085 0.276367 0.436950 0.280273 0.432551 0.282227 0.435484
0 0.273438 0.412023 0.276367 0.419355 0.276367 0.414956 0.286133 0.417889 0.284180 0.413490 0.281250 0.416422
0 0.265625 0.407625 0.267578 0.417889 0.266602 0.413490 0.269531 0.409091
0 0.218750 0.407625 0.220703 0.417889 0.221680 0.410557
0 0.247070 0.395894 0.250000 0.401760 0.251953 0.395894
0 0.684570 0.392962 0.677734 0.401760 0.677734 0.407625 0.681641 0.406158 0.679688 0.401760 0.683594 0.401760
0 0.240234 0.382698 0.238281 0.390029 0.244141 0.392962 0.244141 0.387097
0 0.276367 0.381232 0.276367 0.387097 0.281250 0.388563
0 0.305664 0.372434 0.311523 0.379765 0.312500 0.375367
0 0.269531 0.366569 0.266602 0.373900 0.271484 0.378299 0.272461 0.372434
0 0.296875 0.351906 0.294922 0.354839 0.296875 0.365103 0.301758 0.365103
0 0.377930 0.351906 0.378906 0.354839 0.380859 0.350440 0.383789 0.354839 0.383789 0.348974
0 0.639648 0.343109 0.635742 0.343109 0.634766 0.348974
0 0.379883 0.332845 0.378906 0.337243 0.384766 0.343109