0 0.020508 0.822581 0.015625 0.825513 0.015625 0.835777
0 0.162109 0.803519 0.159180 0.806452 0.160156 0.813783 0.162109 0.813783
0 0.178711 0.794721 0.172852 0.806452 0.178711 0.802053
0 0.792969 0.731672 0.792969 0.739003 0.796875 0.734604
0 0.035156 0.712610 0.035156 0.719941 0.037109 0.719941 0.038086 0.714076
0 0.368164 0.620235 0.366211 0.627566 0.369141 0.626100
0 0.032227 0.617302 0.025391 0.620235 0.024414 0.626100
0 0.518555 0.583578 0.515625 0.589443 0.518555 0.589443
0 0.541992 0.570381 0.541992 0.577713 0.545898 0.576246 0.545898 0.571848
0 0.261719 0.535191 0.261719 0.539589 0.264648 0.539589 0.264648 0.535191
0 0.898438 0.532258 0.893555 0.542522 0.897461 0.539589
0 0.095703 0.511730 0.092773 0.511730 0.091797 0.521994
0 0.366211 0.507331 0.368164 0.517595 0.371094 0.516129 0.373047 0.510264
0 0.404297 0.485337 0.403320 0.489736 0.407227 0.492669
0 0.428711 0.458944 0.424805 0.461877 0.424805 0.466276
0 0.592773 0.457478 0.589844 0.460411 0.591797 0.464809
0 0.223633 0.453079 0.219727 0.458944 0.215820 0.457478 0.217773 0.463343
0 0.401367 0.410557 0.397461 0.413490 0.400391 0.417889
0 0.773438 0.366569 0.763672 0.373900 0.772461 0.370968
0 0.475586 0.153959 0.475586 0.158358 0.478516 0.158358 0.478516 0.153959
0 0.204102 0.130499 0.205078 0.136364 0.209961 0.136364