0 0.732422 0.979472 0.751953 0.973607 0.734375 0.972141
0 0.790039 0.969208 0.785156 0.967742 0.782227 0.972141 0.785156 0.976540 0.777344 0.980938 0.762695 0.978006 0.749023 0.985337 0.734375 0.985337 0.733398 0.989736 0.724609 0.992669 0.712891 0.991202 0.712891 0.998534 0.767578 0.995601 0.771484 0.989736 0.790039 0.983871 0.791016 0.976540 0.788086 0.975073
0 0.827148 0.966276 0.806641 0.972141 0.807617 0.975073 0.821289 0.972141
0 0.636719 0.848974 0.615234 0.854839 0.624023 0.857771
0 0.483398 0.850440 0.471680 0.850440 0.471680 0.853372 0.474609 0.850440 0.483398 0.853372
0 0.643555 0.802053 0.640625 0.799120 0.639648 0.803519 0.633789 0.803519 0.633789 0.806452 0.643555 0.806452
0 0.727539 0.791789 0.718750 0.793255 0.708008 0.802053 0.698242 0.802053 0.695312 0.812317 0.684570 0.815249 0.695312 0.813783 0.706055 0.803519 0.721680 0.800587
0 0.565430 0.793255 0.552734 0.791789 0.547852 0.785924 0.546875 0.790323 0.538086 0.788856 0.530273 0.794721 0.503906 0.793255 0.501953 0.799120 0.497070 0.794721 0.494141 0.804985 0.489258 0.797654 0.483398 0.806452 0.488281 0.803519 0.486328 0.812317 0.481445 0.813783 0.481445 0.807918 0.477539 0.812317 0.480469 0.815249 0.469727 0.816716 0.479492 0.824047 0.492188 0.816716 0.494141 0.825513 0.490234 0.826979 0.494141 0.831378 0.499023 0.829912 0.500000 0.825513 0.505859 0.829912 0.507812 0.822581 0.502930 0.818182 0.512695 0.813783 0.527344 0.812317 0.526367 0.816716 0.528320 0.816716 0.529297 0.812317 0.537109 0.810850 0.541016 0.816716 0.561523 0.815249 0.554688 0.807918 0.557617 0.802053 0.564453 0.800587
0 0.767578 0.778592 0.748047 0.781525 0.729492 0.791789 0.734375 0.790323 0.740234 0.796188 0.743164 0.793255 0.740234 0.791789 0.741211 0.788856 0.749023 0.791789 0.749023 0.785924 0.755859 0.780059 0.759766 0.782991
0 0.536133 0.775660 0.526367 0.774194 0.516602 0.778592 0.524414 0.778592 0.524414 0.784457 0.530273 0.784457 0.525391 0.780059 0.536133 0.778592
0 0.742188 0.758065 0.732422 0.758065 0.730469 0.752199 0.722656 0.756598 0.718750 0.750733 0.704102 0.750733 0.706055 0.755132 0.703125 0.758065 0.700195 0.750733 0.685547 0.756598 0.684570 0.752199 0.687500 0.747801 0.680664 0.747801 0.681641 0.755132 0.668945 0.755132 0.662109 0.768328 0.659180 0.752199 0.665039 0.749267 0.663086 0.744868 0.655273 0.760997 0.638672 0.760997 0.636719 0.769795 0.633789 0.768328 0.636719 0.762463 0.632812 0.766862 0.629883 0.762463 0.623047 0.765396 0.625000 0.766862 0.622070 0.769795 0.630859 0.771261 0.627930 0.778592 0.623047 0.774194 0.621094 0.781525 0.610352 0.781525 0.611328 0.771261 0.607422 0.780059 0.606445 0.771261 0.594727 0.769795 0.606445 0.780059 0.598633 0.784457 0.590820 0.784457 0.587891 0.780059 0.583008 0.784457 0.569336 0.784457 0.569336 0.787390 0.593750 0.787390 0.590820 0.797654 0.594727 0.793255 0.614258 0.796188 0.622070 0.793255 0.623047 0.788856 0.625977 0.793255 0.652344 0.790323 0.656250 0.794721 0.650391 0.802053 0.652344 0.803519 0.671875 0.793255 0.687500 0.790323 0.688477 0.784457 0.696289 0.784457 0.713867 0.772727 0.718750 0.777126 0.719727 0.769795 0.733398 0.766862 0.737305 0.759531
0 0.467773 0.658358 0.458984 0.667155 0.464844 0.665689
0 0.505859 0.633431 0.512695 0.636364 0.514648 0.629032
0 0.492188 0.630499 0.482422 0.629032 0.477539 0.637830 0.473633 0.633431 0.464844 0.637830 0.458984 0.634897 0.447266 0.637830 0.437500 0.648094 0.432617 0.648094 0.432617 0.652493 0.436523 0.652493 0.435547 0.648094 0.462891 0.652493 0.467773 0.648094 0.469727 0.639296 0.484375 0.636364 0.487305 0.639296 0.487305 0.634897
0 0.484375 0.607038 0.484375 0.609971 0.490234 0.609971 0.490234 0.607038
0 0.656250 0.601173 0.636719 0.605572 0.613281 0.602639 0.593750 0.609971 0.603516 0.611437 0.598633 0.615836 0.583984 0.609971 0.580078 0.614370 0.576172 0.611437 0.560547 0.615836 0.556641 0.621701 0.546875 0.617302 0.516602 0.627566 0.531250 0.627566 0.540039 0.631965 0.541016 0.629032 0.546875 0.633431 0.545898 0.637830 0.541016 0.639296 0.546875 0.642229 0.551758 0.636364 0.559570 0.642229 0.562500 0.636364 0.568359 0.636364 0.571289 0.629032 0.557617 0.634897 0.556641 0.630499 0.559570 0.629032 0.552734 0.629032 0.552734 0.624633 0.565430 0.624633 0.572266 0.615836 0.575195 0.615836 0.578125 0.624633 0.585938 0.624633 0.583984 0.621701 0.586914 0.618768 0.587891 0.623167 0.593750 0.618768 0.611328 0.618768 0.624023 0.614370 0.625000 0.609971 0.625977 0.614370 0.629883 0.614370 0.627930 0.611437 0.631836 0.608504 0.636719 0.612903 0.640625 0.604106 0.644531 0.605572 0.643555 0.609971 0.641602 0.609971 0.646484 0.608504 0.647461 0.604106 0.656250 0.605572
0 0.491211 0.595308 0.501953 0.590909 0.503906 0.599707 0.500000 0.605572 0.509766 0.604106 0.510742 0.596774 0.524414 0.595308 0.536133 0.586510 0.509766 0.586510 0.504883 0.590909 0.495117 0.587977 0.495117 0.592375
0 0.387695 0.583578 0.375000 0.582111 0.375000 0.589443 0.375977 0.586510 0.383789 0.589443
0 0.487305 0.599707 0.484375 0.590909 0.483398 0.593842 0.475586 0.592375 0.478516 0.593842 0.477539 0.601173 0.471680 0.593842 0.467773 0.598240 0.462891 0.595308 0.466797 0.586510 0.477539 0.585044 0.477539 0.582111 0.463867 0.582111 0.461914 0.587977 0.461914 0.582111 0.453125 0.579179 0.409180 0.587977 0.415039 0.590909 0.416016 0.586510 0.417969 0.590909 0.423828 0.586510 0.424805 0.596774 0.416992 0.593842 0.413086 0.598240 0.407227 0.593842 0.413086 0.604106 0.420898 0.604106 0.421875 0.596774 0.424805 0.599707 0.427734 0.596774 0.429688 0.601173 0.422852 0.605572 0.428711 0.609971 0.431641 0.601173 0.437500 0.599707 0.440430 0.605572 0.439453 0.601173 0.443359 0.599707 0.446289 0.604106 0.447266 0.596774 0.451172 0.601173 0.458008 0.599707 0.459961 0.604106 0.465820 0.599707 0.468750 0.608504 0.469727 0.604106 0.476562 0.604106 0.484375 0.595308
0 0.466797 0.568915 0.474609 0.576246 0.480469 0.573314 0.481445 0.585044 0.483398 0.574780 0.486328 0.573314
0 0.436523 0.564516 0.431641 0.568915 0.421875 0.567449 0.418945 0.573314 0.426758 0.576246 0.428711 0.571848 0.433594 0.577713 0.433594 0.568915
0 0.593750 0.558651 0.593750 0.563050 0.599609 0.564516 0.594727 0.567449 0.599609 0.573314 0.608398 0.567449 0.601562 0.563050 0.605469 0.558651
0 0.528320 0.554252 0.528320 0.557185 0.534180 0.557185
0 0.592773 0.567449 0.587891 0.567449 0.589844 0.563050 0.585938 0.555718 0.578125 0.558651 0.576172 0.551320 0.566406 0.555718 0.565430 0.563050 0.569336 0.567449 0.567383 0.573314 0.556641 0.574780 0.554688 0.570381 0.546875 0.573314 0.543945 0.567449 0.541016 0.567449 0.540039 0.573314 0.535156 0.573314 0.530273 0.564516 0.528320 0.567449 0.525391 0.564516 0.531250 0.568915 0.528320 0.573314 0.522461 0.573314 0.523438 0.567449 0.521484 0.567449 0.521484 0.571848 0.516602 0.574780 0.514648 0.568915 0.509766 0.567449 0.508789 0.574780 0.502930 0.570381 0.495117 0.574780 0.490234 0.585044 0.498047 0.580645 0.539062 0.580645 0.538086 0.585044 0.551758 0.589443 0.553711 0.595308 0.564453 0.590909 0.571289 0.596774 0.577148 0.589443 0.581055 0.595308 0.583008 0.592375 0.590820 0.596774 0.587891 0.587977 0.592773 0.582111 0.586914 0.582111 0.583984 0.574780 0.586914 0.573314 0.587891 0.577713
0 0.525391 0.546921 0.516602 0.549853 0.515625 0.554252 0.525391 0.552786
0 0.535156 0.431085 0.551758 0.432551 0.548828 0.428152
0 0.500977 0.422287 0.507812 0.426686 0.508789 0.422287 0.515625 0.425220 0.516602 0.420821 0.523438 0.422287 0.524414 0.419355
0 0.497070 0.422287 0.490234 0.419355 0.484375 0.426686
0 0.541992 0.395894 0.541992 0.401760 0.545898 0.401760 0.545898 0.395894
0 0.552734 0.387097 0.556641 0.394428 0.559570 0.390029
0 0.293945 0.384164 0.296875 0.388563 0.299805 0.384164 0.303711 0.385630 0.299805 0.382698 0.302734 0.375367 0.296875 0.375367 0.296875 0.382698
0 0.331055 0.381232 0.336914 0.384164 0.337891 0.375367 0.342773 0.370968 0.344727 0.378299 0.340820 0.382698 0.343750 0.379765 0.347656 0.385630 0.353516 0.384164 0.353516 0.392962 0.356445 0.397361 0.344727 0.395894 0.345703 0.391496 0.342773 0.387097 0.337891 0.387097 0.337891 0.394428 0.334961 0.391496 0.331055 0.394428 0.339844 0.397361 0.338867 0.403226 0.342773 0.401760 0.343750 0.406158 0.345703 0.406158 0.343750 0.398827 0.352539 0.398827 0.351562 0.403226 0.357422 0.412023 0.361328 0.401760 0.360352 0.394428 0.365234 0.400293 0.363281 0.412023 0.370117 0.401760 0.373047 0.406158 0.376953 0.403226 0.378906 0.407625 0.390625 0.409091 0.403320 0.406158 0.408203 0.409091 0.405273 0.404692 0.409180 0.401760 0.415039 0.406158 0.418945 0.397361 0.416016 0.392962 0.416992 0.388563 0.421875 0.391496 0.421875 0.398827 0.423828 0.398827 0.422852 0.394428 0.455078 0.394428 0.456055 0.403226 0.450195 0.409091 0.448242 0.414956 0.450195 0.417889 0.470703 0.416422 0.471680 0.413490 0.490234 0.416422 0.496094 0.413490 0.492188 0.409091 0.493164 0.403226 0.505859 0.412023 0.508789 0.407625 0.523438 0.407625 0.527344 0.412023 0.532227 0.403226 0.536133 0.407625 0.539062 0.400293 0.531250 0.398827 0.528320 0.404692 0.518555 0.400293 0.516602 0.407625 0.515625 0.403226 0.509766 0.404692 0.507812 0.395894 0.548828 0.390029 0.541992 0.390029 0.537109 0.381232 0.531250 0.384164 0.524414 0.376833 0.502930 0.381232 0.499023 0.378299 0.500000 0.375367 0.493164 0.381232 0.492188 0.376833 0.485352 0.375367 0.483398 0.370968 0.479492 0.370968 0.482422 0.372434 0.481445 0.376833 0.472656 0.372434 0.475586 0.375367 0.462891 0.375367 0.458008 0.381232 0.453125 0.379765 0.449219 0.372434 0.443359 0.376833 0.442383 0.372434 0.429688 0.375367 0.425781 0.370968 0.419922 0.372434 0.420898 0.384164 0.412109 0.381232 0.406250 0.385630 0.383789 0.372434 0.376953 0.379765 0.372070 0.372434 0.369141 0.379765 0.359375 0.372434 0.349609 0.375367 0.341797 0.368035 0.334961 0.370968 0.335938 0.378299
0 0.462891 0.240469 0.473633 0.244868 0.467773 0.236070
0 0.304688 0.212610 0.318359 0.219941 0.309570 0.211144
0 0.296875 0.199413 0.308594 0.206745 0.307617 0.202346 0.318359 0.206745 0.306641 0.199413 0.303711 0.202346
0 0.474609 0.189150 0.483398 0.196481 0.484375 0.192082
0 0.454102 0.180352 0.453125 0.186217 0.460938 0.187683
0 0.360352 0.155425 0.362305 0.162757 0.368164 0.162757
0 0.260742 0.118768 0.263672 0.123167 0.260742 0.127566 0.262695 0.129032 0.260742 0.136364 0.265625 0.158358 0.271484 0.155425 0.269531 0.162757 0.278320 0.162757 0.278320 0.168622 0.283203 0.162757 0.282227 0.171554 0.286133 0.171554 0.286133 0.165689 0.290039 0.162757 0.291992 0.167155 0.289062 0.171554 0.294922 0.173021 0.291992 0.177419 0.295898 0.173021 0.299805 0.175953 0.299805 0.181818 0.305664 0.178886 0.316406 0.184751 0.327148 0.183284 0.328125 0.186217 0.325195 0.187683 0.333984 0.196481 0.342773 0.195015 0.353516 0.200880 0.361328 0.197947 0.363281 0.202346 0.368164 0.202346 0.366211 0.199413 0.369141 0.197947 0.373047 0.202346 0.377930 0.200880 0.378906 0.205279 0.412109 0.209677 0.412109 0.205279 0.424805 0.209677 0.421875 0.206745 0.437500 0.202346 0.440430 0.208211 0.435547 0.211144 0.452148 0.211144 0.453125 0.206745 0.458984 0.208211 0.463867 0.202346 0.470703 0.205279 0.473633 0.200880 0.448242 0.192082 0.447266 0.184751 0.441406 0.183284 0.437500 0.174487 0.434570 0.183284 0.428711 0.183284 0.423828 0.174487 0.418945 0.173021 0.418945 0.183284 0.415039 0.187683 0.396484 0.184751 0.396484 0.178886 0.390625 0.178886 0.384766 0.171554 0.387695 0.167155 0.390625 0.168622 0.389648 0.164223 0.373047 0.161290 0.370117 0.168622 0.379883 0.173021 0.380859 0.167155 0.385742 0.173021 0.384766 0.183284 0.375000 0.178886 0.372070 0.183284 0.366211 0.174487 0.353516 0.175953 0.342773 0.164223 0.338867 0.165689 0.340820 0.171554 0.335938 0.174487 0.328125 0.165689 0.323242 0.168622 0.322266 0.164223 0.312500 0.164223 0.306641 0.156891 0.298828 0.161290 0.291016 0.159824 0.288086 0.155425 0.291992 0.151026 0.298828 0.152493 0.284180 0.140762 0.286133 0.137830 0.277344 0.130499 0.278320 0.123167 0.273438 0.121701 0.272461 0.114370 0.269531 0.114370 0.270508 0.118768 0.265625 0.114370
0 0.373047 0.032258 0.378906 0.041056 0.383789 0.038123 0.387695 0.042522 0.390625 0.038123 0.389648 0.033724
0 0.316406 0.008798 0.320312 0.014663 0.325195 0.014663 0.328125 0.021994 0.349609 0.021994 0.351562 0.030792 0.358398 0.027859 0.346680 0.016129 0.341797 0.019062 0.337891 0.010264 0.329102 0.008798 0.330078 0.004399 0.326172 0.004399 0.325195 0.000000 0.320312 0.000000 0.319336 0.004399 0.323242 0.010264 0.322266 0.014663