0 0.205078 0.973607 0.201172 0.973607 0.203125 0.980938 0.200195 0.985337 0.194336 0.978006 0.194336 0.988270 0.198242 0.985337 0.200195 0.988270 0.205078 0.980938
0 0.193359 0.954545 0.188477 0.958944 0.190430 0.966276 0.196289 0.961877
0 0.144531 0.926686 0.144531 0.932551 0.148438 0.934018
0 0.156250 0.914956 0.156250 0.923754 0.158203 0.923754 0.159180 0.919355
0 0.178711 0.912023 0.180664 0.925220 0.184570 0.919355
0 0.479492 0.884164 0.478516 0.895894 0.486328 0.901760 0.489258 0.895894 0.484375 0.895894 0.484375 0.887097
0 0.419922 0.876833 0.423828 0.878299 0.427734 0.873900 0.421875 0.872434
0 0.110352 0.873900 0.116211 0.882698 0.122070 0.878299 0.119141 0.872434
0 0.359375 0.846041 0.359375 0.853372 0.364258 0.853372 0.365234 0.848974
0 0.618164 0.812317 0.616211 0.812317 0.617188 0.818182 0.612305 0.816716 0.612305 0.819648 0.618164 0.819648
0 0.481445 0.803519 0.487305 0.806452 0.486328 0.802053
0 0.545898 0.797654 0.541992 0.799120 0.541992 0.803519 0.545898 0.802053
0 0.625977 0.794721 0.627930 0.800587 0.629883 0.797654
0 0.499023 0.790323 0.495117 0.791789 0.495117 0.796188 0.499023 0.797654
0 0.250000 0.781525 0.250977 0.788856 0.254883 0.787390
0 0.391602 0.743402 0.396484 0.750733 0.399414 0.746334 0.395508 0.741935
0 0.379883 0.737537 0.375000 0.741935 0.379883 0.741935
0 0.317383 0.714076 0.313477 0.718475 0.317383 0.718475
0 0.362305 0.700880 0.359375 0.709677 0.364258 0.706745
0 0.309570 0.700880 0.306641 0.697947 0.304688 0.706745
0 0.348633 0.696481 0.350586 0.703812 0.346680 0.709677 0.352539 0.702346
0 0.345703 0.696481 0.340820 0.699413 0.343750 0.709677 0.342773 0.700880
0 0.328125 0.675953 0.320312 0.678886 0.325195 0.683284
0 0.273438 0.671554 0.276367 0.675953 0.280273 0.673021
0 0.299805 0.668622 0.302734 0.673021 0.305664 0.670088
0 0.269531 0.648094 0.272461 0.655425 0.274414 0.649560
0 0.625000 0.615836 0.623047 0.623167 0.626953 0.627566 0.629883 0.617302
0 0.551758 0.601173 0.546875 0.607038 0.549805 0.612903 0.554688 0.605572
0 0.661133 0.598240 0.654297 0.605572 0.656250 0.609971 0.661133 0.605572
0 0.508789 0.587977 0.502930 0.587977 0.503906 0.596774 0.508789 0.595308
0 0.637695 0.577713 0.636719 0.574780 0.632812 0.579179 0.627930 0.577713 0.625000 0.585044 0.630859 0.580645 0.633789 0.585044
0 0.481445 0.574780 0.479492 0.577713 0.483398 0.580645
0 0.408203 0.536657 0.406250 0.543988 0.409180 0.542522
0 0.670898 0.492669 0.666992 0.494135 0.669922 0.501466 0.665039 0.504399 0.666016 0.507331 0.671875 0.507331
0 0.575195 0.489736 0.572266 0.497067 0.575195 0.497067
0 0.567383 0.483871 0.562500 0.488270 0.565430 0.491202 0.568359 0.488270
0 0.728516 0.479472 0.725586 0.483871 0.730469 0.488270 0.733398 0.480938
0 0.608398 0.480938 0.602539 0.479472 0.601562 0.483871 0.597656 0.483871 0.597656 0.495601 0.600586 0.500000 0.608398 0.495601
0 0.555664 0.478006 0.549805 0.480938 0.550781 0.486804
0 0.586914 0.473607 0.583984 0.479472 0.587891 0.488270 0.586914 0.480938 0.589844 0.475073
0 0.519531 0.464809 0.522461 0.466276 0.522461 0.472141 0.515625 0.476540 0.524414 0.486804 0.528320 0.479472 0.528320 0.469208
0 0.663086 0.457478 0.665039 0.463343 0.667969 0.463343 0.667969 0.456012
0 0.469727 0.450147 0.463867 0.460411 0.473633 0.469208 0.471680 0.457478 0.474609 0.454545
0 0.432617 0.436950 0.431641 0.444282 0.436523 0.444282 0.436523 0.436950
0 0.490234 0.434018 0.488281 0.445748 0.493164 0.441349
0 0.462891 0.407625 0.459961 0.417889 0.465820 0.420821 0.467773 0.410557
0 0.401367 0.391496 0.405273 0.397361 0.405273 0.390029
0 0.421875 0.384164 0.421875 0.392962 0.423828 0.392962 0.424805 0.384164
0 0.346680 0.372434 0.349609 0.378299 0.353516 0.373900
0 0.715820 0.316716 0.711914 0.321114 0.713867 0.325513 0.717773 0.319648
0 0.604492 0.316716 0.603516 0.324047 0.608398 0.326979 0.608398 0.319648
0 0.609375 0.306452 0.611328 0.313783 0.612305 0.306452
0 0.579102 0.304985 0.583984 0.315249 0.587891 0.312317 0.587891 0.306452 0.583008 0.302053
0 0.540039 0.297654 0.541016 0.302053 0.543945 0.300587
0 0.717773 0.291789 0.713867 0.293255 0.713867 0.299120 0.717773 0.296188
0 0.658203 0.281525 0.651367 0.285924 0.653320 0.290323 0.658203 0.285924
0 0.699219 0.259531 0.694336 0.265396 0.697266 0.265396
0 0.780273 0.253666 0.776367 0.255132 0.778320 0.262463
0 0.679688 0.187683 0.672852 0.189150 0.671875 0.195015 0.677734 0.197947
0 0.616211 0.184751 0.615234 0.190616 0.618164 0.190616 0.619141 0.186217
0 0.594727 0.183284 0.594727 0.192082 0.598633 0.190616 0.599609 0.186217
0 0.720703 0.175953 0.715820 0.175953 0.713867 0.181818 0.718750 0.183284
0 0.696289 0.170088 0.687500 0.178886 0.693359 0.187683 0.699219 0.178886
0 0.644531 0.170088 0.643555 0.180352 0.640625 0.174487 0.637695 0.178886 0.638672 0.190616 0.643555 0.186217 0.644531 0.192082 0.648438 0.192082 0.652344 0.180352
0 0.604492 0.168622 0.603516 0.177419 0.608398 0.181818 0.608398 0.173021
0 0.577148 0.155425 0.575195 0.162757 0.577148 0.162757
0 0.762695 0.151026 0.759766 0.155425 0.762695 0.162757 0.764648 0.159824
0 0.626953 0.149560 0.620117 0.151026 0.620117 0.158358 0.624023 0.159824
0 0.743164 0.142229 0.738281 0.146628 0.741211 0.155425 0.744141 0.151026
0 0.532227 0.142229 0.534180 0.151026 0.531250 0.155425 0.537109 0.158358 0.541016 0.149560 0.536133 0.142229
0 0.566406 0.142229 0.569336 0.148094 0.572266 0.140762
0 0.474609 0.133431 0.471680 0.131965 0.469727 0.136364
0 0.787109 0.129032 0.782227 0.133431 0.782227 0.139296 0.788086 0.139296
0 0.492188 0.090909 0.490234 0.098240 0.494141 0.093842
0 0.624023 0.042522 0.620117 0.046921 0.624023 0.046921
0 0.633789 0.032258 0.631836 0.041056 0.636719 0.042522 0.637695 0.033724
0 0.611328 0.020528 0.607422 0.023460 0.609375 0.027859
0 0.671875 0.019062 0.666016 0.020528 0.666016 0.026393 0.670898 0.026393
0 0.764648 0.005865 0.760742 0.004399 0.756836 0.010264 0.761719 0.013196