0 0.131836 0.934018 0.131836 0.941349 0.133789 0.941349 0.134766 0.934018
0 0.149414 0.891496 0.144531 0.892962 0.146484 0.906158 0.150391 0.897361
0 0.144531 0.828446 0.143555 0.834311 0.148438 0.834311 0.148438 0.828446
0 0.166016 0.804985 0.165039 0.810850 0.170898 0.812317 0.170898 0.807918
0 0.176758 0.768328 0.169922 0.768328 0.174805 0.769795 0.174805 0.778592 0.166992 0.780059 0.174805 0.782991 0.177734 0.778592
0 0.707031 0.744868 0.713867 0.746334 0.715820 0.750733 0.712891 0.756598 0.717773 0.753666 0.714844 0.744868
0 0.183594 0.734604 0.181641 0.733138 0.178711 0.739003 0.178711 0.744868 0.183594 0.743402
0 0.881836 0.736070 0.886719 0.737537 0.889648 0.733138 0.882812 0.728739
0 0.734375 0.711144 0.729492 0.717009 0.733398 0.718475
0 0.196289 0.692082 0.190430 0.697947 0.194336 0.699413
0 0.390625 0.687683 0.390625 0.695015 0.392578 0.695015 0.393555 0.687683
0 0.360352 0.677419 0.359375 0.683284 0.364258 0.684751 0.366211 0.677419
0 0.189453 0.664223 0.184570 0.671554 0.187500 0.675953 0.192383 0.671554
0 0.167969 0.664223 0.165039 0.664223 0.163086 0.670088 0.167969 0.670088
0 0.389648 0.648094 0.385742 0.643695 0.382812 0.651026
0 0.191406 0.634897 0.195312 0.642229 0.202148 0.637830 0.202148 0.633431 0.194336 0.629032
0 0.980469 0.629032 0.978516 0.626100 0.975586 0.633431
0 0.391602 0.626100 0.395508 0.631965 0.396484 0.626100
0 0.200195 0.617302 0.198242 0.623167 0.203125 0.624633
0 0.582031 0.615836 0.579102 0.624633 0.585938 0.615836 0.587891 0.627566 0.589844 0.621701
0 0.166992 0.611437 0.166016 0.615836 0.168945 0.618768 0.168945 0.611437
0 0.608398 0.602639 0.603516 0.605572 0.604492 0.608504 0.608398 0.608504
0 0.406250 0.593842 0.403320 0.601173 0.406250 0.599707
0 0.787109 0.587977 0.782227 0.595308 0.786133 0.595308
0 0.191406 0.579179 0.190430 0.585044 0.193359 0.585044
0 0.399414 0.577713 0.394531 0.583578 0.396484 0.589443 0.400391 0.585044
0 0.780273 0.573314 0.775391 0.580645 0.780273 0.580645
0 0.774414 0.564516 0.769531 0.564516 0.769531 0.568915
0 0.405273 0.560117 0.400391 0.565982 0.405273 0.565982
0 0.215820 0.555718 0.212891 0.555718 0.212891 0.564516 0.207031 0.564516 0.208984 0.571848 0.215820 0.567449
0 0.589844 0.549853 0.587891 0.557185 0.590820 0.554252
0 0.183594 0.541056 0.181641 0.548387 0.184570 0.545455
0 0.596680 0.541056 0.597656 0.545455 0.601562 0.543988 0.599609 0.539589
0 0.800781 0.535191 0.802734 0.539589 0.805664 0.538123 0.805664 0.535191
0 0.612305 0.526393 0.609375 0.526393 0.609375 0.533724
0 0.608398 0.511730 0.604492 0.516129 0.608398 0.516129
0 0.796875 0.508798 0.793945 0.513196 0.794922 0.519062
0 0.191406 0.501466 0.190430 0.510264 0.193359 0.510264 0.196289 0.502933
0 0.235352 0.497067 0.235352 0.501466 0.240234 0.500000
0 0.622070 0.494135 0.620117 0.500000 0.624023 0.501466 0.624023 0.494135
0 0.411133 0.494135 0.406250 0.502933 0.407227 0.507331 0.413086 0.501466
0 0.398438 0.494135 0.397461 0.500000 0.402344 0.500000
0 0.821289 0.492669 0.816406 0.497067 0.816406 0.505865
0 0.436523 0.488270 0.431641 0.491202 0.434570 0.492669
0 0.597656 0.480938 0.599609 0.486804 0.601562 0.483871
0 0.423828 0.466276 0.419922 0.466276 0.418945 0.472141 0.421875 0.472141
0 0.265625 0.466276 0.267578 0.472141 0.268555 0.466276
0 0.201172 0.466276 0.201172 0.472141 0.205078 0.472141 0.206055 0.466276
0 0.613281 0.464809 0.613281 0.469208 0.617188 0.467742
0 0.418945 0.451613 0.414062 0.451613 0.414062 0.456012
0 0.433594 0.431085 0.429688 0.435484 0.433594 0.435484
0 0.639648 0.428152 0.635742 0.435484 0.639648 0.435484
0 0.866211 0.419355 0.863281 0.419355 0.863281 0.429619 0.860352 0.432551 0.864258 0.432551 0.868164 0.425220
0 0.629883 0.419355 0.625000 0.422287 0.625000 0.429619 0.629883 0.425220
0 0.261719 0.362170 0.257812 0.363636 0.257812 0.369501 0.261719 0.369501
0 0.244141 0.363636 0.241211 0.362170 0.238281 0.370968 0.243164 0.370968
0 0.277344 0.343109 0.272461 0.348974 0.275391 0.354839
0 0.909180 0.338710 0.907227 0.340176 0.909180 0.346041 0.911133 0.343109
0 0.512695 0.334311 0.509766 0.337243 0.510742 0.341642
0 0.473633 0.321114 0.468750 0.325513 0.468750 0.331378 0.473633 0.328446
0 0.679688 0.285924 0.672852 0.291789 0.672852 0.296188 0.676758 0.296188
0 0.486328 0.281525 0.484375 0.280059 0.482422 0.285924
0 0.462891 0.262463 0.461914 0.266862 0.465820 0.268328 0.465820 0.262463
0 0.703125 0.246334 0.703125 0.253666 0.705078 0.253666 0.706055 0.249267
0 0.718750 0.227273 0.719727 0.231672 0.723633 0.230205 0.721680 0.225806
0 0.269531 0.183284 0.268555 0.190616 0.271484 0.192082 0.274414 0.186217
0 0.499023 0.140762 0.495117 0.140762 0.497070 0.148094
0 0.523438 0.123167 0.519531 0.123167 0.519531 0.130499 0.523438 0.127566
0 0.502930 0.023460 0.503906 0.027859 0.507812 0.026393 0.507812 0.023460