0 0.642578 0.850440 0.638672 0.851906 0.638672 0.857771
0 0.839844 0.831378 0.834961 0.835777 0.835938 0.843109 0.842773 0.835777
0 0.879883 0.825513 0.875000 0.825513 0.872070 0.834311 0.876953 0.834311
0 0.869141 0.799120 0.863281 0.803519 0.863281 0.807918
0 0.656250 0.781525 0.651367 0.787390 0.655273 0.790323 0.658203 0.784457
0 0.037109 0.756598 0.035156 0.758065 0.037109 0.765396 0.040039 0.763930
0 0.013672 0.752199 0.015625 0.756598 0.018555 0.755132 0.018555 0.750733
0 0.271484 0.746334 0.266602 0.750733 0.270508 0.750733
0 0.508789 0.743402 0.503906 0.746334 0.505859 0.753666
0 0.714844 0.722874 0.709961 0.724340 0.709961 0.730205
0 0.517578 0.714076 0.515625 0.721408 0.518555 0.718475
0 0.690430 0.708211 0.682617 0.711144 0.682617 0.719941 0.686523 0.719941
0 0.251953 0.711144 0.244141 0.709677 0.242188 0.719941 0.249023 0.719941
0 0.470703 0.703812 0.463867 0.711144 0.466797 0.719941 0.473633 0.709677
0 0.046875 0.680352 0.046875 0.684751 0.049805 0.684751 0.049805 0.680352
0 0.055664 0.661290 0.052734 0.661290 0.050781 0.667155 0.055664 0.665689
0 0.042969 0.662757 0.039062 0.662757 0.038086 0.667155 0.042969 0.667155
0 0.749023 0.656891 0.745117 0.658358 0.745117 0.665689 0.749023 0.662757
0 0.489258 0.652493 0.484375 0.653959 0.482422 0.661290 0.484375 0.665689 0.489258 0.661290
0 0.515625 0.621701 0.510742 0.626100 0.510742 0.631965 0.514648 0.633431 0.517578 0.629032
0 0.717773 0.624633 0.712891 0.620235 0.706055 0.629032 0.711914 0.633431
0 0.277344 0.617302 0.273438 0.620235 0.273438 0.624633 0.277344 0.623167
0 0.031250 0.611437 0.031250 0.618768 0.033203 0.618768 0.034180 0.611437
0 0.068359 0.607038 0.065430 0.607038 0.063477 0.614370 0.067383 0.614370
0 0.534180 0.602639 0.531250 0.605572 0.532227 0.615836 0.536133 0.612903
0 0.749023 0.587977 0.744141 0.586510 0.740234 0.592375 0.743164 0.596774
0 0.714844 0.568915 0.711914 0.567449 0.709961 0.571848
0 0.302734 0.564516 0.296875 0.570381 0.297852 0.577713 0.302734 0.576246 0.305664 0.568915
0 0.824219 0.551320 0.820312 0.557185 0.824219 0.557185
0 0.789062 0.551320 0.791016 0.557185 0.795898 0.554252 0.795898 0.549853
0 0.571289 0.527859 0.565430 0.535191 0.568359 0.543988 0.572266 0.535191
0 0.530273 0.523460 0.526367 0.521994 0.524414 0.529326 0.528320 0.529326
0 0.842773 0.521994 0.837891 0.524927 0.840820 0.526393
0 0.352539 0.497067 0.349609 0.507331 0.353516 0.502933
0 0.822266 0.494135 0.818359 0.498534 0.819336 0.502933 0.824219 0.500000
0 0.571289 0.489736 0.569336 0.497067 0.574219 0.497067 0.574219 0.489736
0 0.828125 0.470674 0.825195 0.473607 0.826172 0.479472 0.830078 0.476540
0 0.371094 0.457478 0.367188 0.467742 0.372070 0.464809
0 0.583984 0.450147 0.579102 0.454545 0.583008 0.454545
0 0.317383 0.442815 0.312500 0.442815 0.312500 0.448680 0.314453 0.450147
0 0.342773 0.434018 0.337891 0.438416 0.337891 0.444282 0.342773 0.441349
0 0.850586 0.432551 0.847656 0.431085 0.844727 0.435484 0.848633 0.436950
0 0.113281 0.432551 0.112305 0.439883 0.121094 0.444282 0.124023 0.436950 0.121094 0.431085
0 0.393555 0.428152 0.390625 0.428152 0.388672 0.434018 0.390625 0.439883 0.393555 0.436950
0 0.603516 0.419355 0.600586 0.423754 0.602539 0.431085 0.606445 0.426686
0 0.571289 0.409091 0.566406 0.409091 0.566406 0.412023
0 0.399414 0.390029 0.394531 0.395894 0.394531 0.401760 0.399414 0.398827
0 0.858398 0.381232 0.854492 0.381232 0.850586 0.388563 0.853516 0.392962 0.858398 0.388563
0 0.574219 0.372434 0.569336 0.376833 0.569336 0.388563 0.574219 0.388563 0.577148 0.382698 0.577148 0.375367
0 0.389648 0.353372 0.385742 0.356305 0.382812 0.370968 0.389648 0.369501
0 0.602539 0.348974 0.596680 0.348974 0.596680 0.356305 0.601562 0.356305
0 0.650391 0.340176 0.644531 0.350440 0.652344 0.354839 0.655273 0.343109
0 0.893555 0.328446 0.896484 0.337243 0.900391 0.335777 0.903320 0.326979
0 0.370117 0.328446 0.374023 0.331378 0.375000 0.325513
0 0.699219 0.303519 0.694336 0.303519 0.693359 0.309384
0 0.661133 0.291789 0.654297 0.291789 0.653320 0.300587 0.661133 0.299120
0 0.166016 0.278592 0.159180 0.280059 0.159180 0.284457 0.164062 0.285924
0 0.646484 0.269795 0.644531 0.277126 0.648438 0.278592 0.650391 0.272727
0 0.434570 0.268328 0.432617 0.277126 0.436523 0.278592 0.437500 0.269795
0 0.405273 0.268328 0.400391 0.278592 0.403320 0.284457 0.406250 0.277126
0 0.174805 0.255132 0.169922 0.255132 0.169922 0.260997
0 0.699219 0.250733 0.693359 0.255132 0.696289 0.260997 0.700195 0.255132
0 0.449219 0.240469 0.446289 0.240469 0.444336 0.249267 0.449219 0.244868
0 0.421875 0.230205 0.419922 0.231672 0.421875 0.239003 0.423828 0.237537
0 0.470703 0.189150 0.468750 0.189150 0.468750 0.197947 0.471680 0.195015
0 0.758789 0.183284 0.755859 0.186217 0.756836 0.190616
0 0.478516 0.159824 0.474609 0.164223 0.477539 0.171554 0.481445 0.164223
0 0.727539 0.155425 0.721680 0.161290 0.722656 0.168622 0.730469 0.162757
0 0.225586 0.129032 0.221680 0.133431 0.222656 0.136364 0.225586 0.134897
0 0.111328 0.126100 0.107422 0.130499 0.111328 0.130499
0 0.487305 0.099707 0.484375 0.102639 0.484375 0.112903 0.489258 0.107038
0 0.233398 0.093842 0.226562 0.099707 0.228516 0.107038 0.233398 0.104106
0 0.247070 0.086510 0.245117 0.085044 0.242188 0.092375 0.246094 0.092375
0 0.519531 0.063050 0.518555 0.068915 0.521484 0.068915
0 0.239258 0.058651 0.234375 0.063050 0.234375 0.068915 0.239258 0.068915
0 0.264648 0.042522 0.260742 0.038123 0.256836 0.045455
0 0.791992 0.035191 0.791992 0.042522 0.795898 0.041056 0.795898 0.035191
0 0.812500 0.023460 0.812500 0.032258 0.814453 0.032258 0.815430 0.023460
0 0.249023 0.020528 0.244141 0.020528 0.242188 0.027859 0.244141 0.030792 0.249023 0.026393
0 0.518555 0.019062 0.515625 0.023460 0.521484 0.027859 0.523438 0.019062