0 0.447266 0.986804 0.449219 0.994135 0.449219 0.986804
0 0.451172 0.973607 0.455078 0.979472 0.455078 0.973607
0 0.216797 0.945748 0.220703 0.951613 0.220703 0.944282
0 0.468750 0.942815 0.474609 0.953079 0.474609 0.944282
0 0.510742 0.931085 0.510742 0.936950 0.514648 0.936950
0 0.490234 0.922287 0.487305 0.928152 0.492188 0.929619 0.494141 0.936950 0.496094 0.931085 0.493164 0.931085
0 0.441406 0.922287 0.441406 0.928152 0.445312 0.929619 0.445312 0.925220
0 0.469727 0.916422 0.469727 0.923754 0.473633 0.920821
0 0.500977 0.910557 0.500977 0.914956 0.504883 0.914956
0 0.214844 0.897361 0.210938 0.897361 0.210938 0.904692 0.214844 0.901760
0 0.234375 0.888563 0.232422 0.892962 0.234375 0.901760 0.237305 0.895894
0 0.454102 0.887097 0.454102 0.891496 0.458008 0.894428 0.458008 0.888563
0 0.492188 0.884164 0.485352 0.890029 0.490234 0.890029
0 0.208984 0.875367 0.208984 0.881232 0.211914 0.882698 0.211914 0.875367
0 0.479492 0.865103 0.479492 0.878299 0.483398 0.882698 0.481445 0.881232 0.483398 0.868035
0 0.458984 0.850440 0.454102 0.863636 0.461914 0.873900 0.464844 0.868035 0.456055 0.860704 0.465820 0.856305
0 0.253906 0.841642 0.255859 0.848974 0.256836 0.844575
0 0.226562 0.841642 0.224609 0.848974 0.227539 0.853372
0 0.687500 0.835777 0.688477 0.844575 0.693359 0.843109
0 0.477539 0.835777 0.480469 0.843109 0.480469 0.837243
0 0.456055 0.831378 0.457031 0.835777 0.460938 0.835777 0.460938 0.831378
0 0.693359 0.822581 0.691406 0.826979 0.696289 0.829912
0 0.440430 0.803519 0.438477 0.810850 0.442383 0.812317 0.443359 0.804985
0 0.471680 0.797654 0.475586 0.802053 0.474609 0.806452 0.477539 0.806452 0.476562 0.799120
0 0.432617 0.794721 0.436523 0.797654 0.436523 0.793255
0 0.207031 0.793255 0.209961 0.802053 0.207031 0.807918 0.209961 0.812317 0.212891 0.803519
0 0.200195 0.793255 0.198242 0.794721 0.200195 0.802053 0.202148 0.800587
0 0.698242 0.785924 0.698242 0.790323 0.706055 0.791789 0.702148 0.784457
0 0.671875 0.766862 0.671875 0.772727 0.676758 0.780059 0.676758 0.768328
0 0.443359 0.760997 0.443359 0.765396 0.447266 0.765396
0 0.654297 0.756598 0.653320 0.760997 0.656250 0.763930 0.658203 0.760997
0 0.688477 0.752199 0.695312 0.756598 0.695312 0.752199
0 0.422852 0.750733 0.421875 0.753666 0.426758 0.759531
0 0.210938 0.746334 0.210938 0.755132 0.214844 0.753666
0 0.256836 0.744868 0.250977 0.744868 0.250977 0.750733 0.254883 0.750733
0 0.427734 0.741935 0.431641 0.755132 0.434570 0.743402
0 0.666992 0.733138 0.666992 0.740469 0.670898 0.741935
0 0.680664 0.722874 0.677734 0.730205 0.681641 0.740469 0.684570 0.734604
0 0.475586 0.721408 0.474609 0.725806 0.477539 0.727273
0 0.437500 0.718475 0.442383 0.727273 0.442383 0.722874
0 0.199219 0.705279 0.195312 0.717009 0.200195 0.714076
0 0.250977 0.695015 0.250000 0.703812 0.254883 0.702346 0.254883 0.697947
0 0.660156 0.692082 0.660156 0.696481 0.664062 0.695015 0.670898 0.702346 0.670898 0.697947
0 0.429688 0.677419 0.428711 0.683284 0.433594 0.684751 0.433594 0.680352
0 0.660156 0.668622 0.657227 0.683284 0.667969 0.683284 0.659180 0.675953 0.662109 0.670088
0 0.409180 0.661290 0.407227 0.662757 0.409180 0.670088 0.411133 0.667155
0 0.210938 0.662757 0.212891 0.667155 0.217773 0.665689 0.215820 0.658358
0 0.425781 0.652493 0.424805 0.662757 0.428711 0.665689 0.431641 0.658358 0.430664 0.653959
0 0.630859 0.643695 0.633789 0.651026 0.634766 0.645161
0 0.204102 0.643695 0.203125 0.648094 0.206055 0.651026 0.208008 0.645161
0 0.656250 0.640762 0.654297 0.646628 0.658203 0.651026
0 0.632812 0.630499 0.628906 0.630499 0.628906 0.636364
0 0.418945 0.630499 0.420898 0.637830 0.420898 0.630499
0 0.409180 0.629032 0.407227 0.633431 0.411133 0.642229
0 0.198242 0.629032 0.202148 0.633431 0.202148 0.629032
0 0.441406 0.621701 0.441406 0.627566 0.446289 0.629032 0.445312 0.621701
0 0.224609 0.617302 0.224609 0.623167 0.228516 0.627566
0 0.647461 0.611437 0.647461 0.618768 0.653320 0.623167 0.655273 0.615836 0.650391 0.609971
0 0.409180 0.605572 0.410156 0.612903 0.415039 0.612903 0.413086 0.609971 0.415039 0.607038
0 0.427734 0.601173 0.425781 0.602639 0.427734 0.609971
0 0.644531 0.583578 0.644531 0.592375 0.648438 0.592375
0 0.625977 0.573314 0.632812 0.576246 0.629883 0.570381
0 0.198242 0.570381 0.197266 0.580645 0.202148 0.582111 0.202148 0.574780
0 0.651367 0.545455 0.651367 0.552786 0.655273 0.552786
0 0.390625 0.545455 0.390625 0.552786 0.395508 0.554252
0 0.622070 0.536657 0.622070 0.545455 0.624023 0.545455 0.624023 0.536657
0 0.396484 0.535191 0.398438 0.542522 0.402344 0.543988 0.399414 0.535191
0 0.178711 0.520528 0.174805 0.529326 0.180664 0.533724 0.183594 0.523460
0 0.404297 0.501466 0.400391 0.510264 0.405273 0.516129 0.409180 0.507331
0 0.837891 0.497067 0.835938 0.510264 0.842773 0.510264
0 0.600586 0.497067 0.602539 0.502933 0.603516 0.498534
0 0.375977 0.492669 0.375000 0.500000 0.377930 0.500000 0.379883 0.494135
0 0.618164 0.489736 0.621094 0.497067 0.621094 0.489736
0 0.812500 0.478006 0.813477 0.482405 0.817383 0.482405
0 0.595703 0.473607 0.591797 0.486804 0.592773 0.480938 0.596680 0.479472
0 0.397461 0.469208 0.396484 0.476540 0.399414 0.479472
0 0.578125 0.451613 0.582031 0.463343 0.585938 0.463343 0.583984 0.456012
0 0.375000 0.436950 0.375977 0.444282 0.379883 0.444282 0.379883 0.438416
0 0.802734 0.434018 0.800781 0.439883 0.806641 0.453079 0.803711 0.444282 0.806641 0.436950
0 0.791016 0.434018 0.791016 0.439883 0.795898 0.441349
0 0.599609 0.432551 0.601562 0.439883 0.602539 0.434018
0 0.560547 0.414956 0.563477 0.422287 0.567383 0.420821 0.564453 0.414956
0 0.776367 0.410557 0.778320 0.417889 0.776367 0.422287 0.779297 0.429619 0.784180 0.431085 0.778320 0.420821 0.780273 0.410557
0 0.566406 0.395894 0.569336 0.403226 0.574219 0.398827
0 0.550781 0.384164 0.550781 0.388563 0.555664 0.390029
0 0.557617 0.376833 0.561523 0.382698 0.561523 0.375367
0 0.791016 0.366569 0.791016 0.373900 0.795898 0.370968
0 0.546875 0.366569 0.541992 0.370968 0.545898 0.370968
0 0.782227 0.363636 0.786133 0.369501 0.786133 0.363636
0 0.769531 0.353372 0.771484 0.362170 0.768555 0.366569 0.774414 0.370968
0 0.756836 0.351906 0.761719 0.356305 0.761719 0.351906
0 0.550781 0.351906 0.556641 0.360704 0.555664 0.348974
0 0.345703 0.343109 0.341797 0.343109 0.343750 0.354839
0 0.738281 0.328446 0.744141 0.335777 0.742188 0.328446
0 0.516602 0.321114 0.521484 0.326979 0.520508 0.319648
0 0.773438 0.315249 0.773438 0.324047 0.780273 0.326979
0 0.537109 0.310850 0.534180 0.313783 0.535156 0.319648 0.539062 0.313783
0 0.588867 0.306452 0.588867 0.315249 0.592773 0.315249 0.592773 0.309384
0 0.725586 0.303519 0.730469 0.312317 0.730469 0.304985
0 0.719727 0.288856 0.722656 0.280059 0.726562 0.280059 0.718750 0.277126
0 0.759766 0.269795 0.762695 0.277126 0.760742 0.280059 0.764648 0.281525 0.764648 0.274194
0 0.706055 0.266862 0.710938 0.272727 0.710938 0.268328
0 0.691406 0.239003 0.696289 0.241935 0.695312 0.236070
0 0.502930 0.234604 0.503906 0.243402 0.507812 0.244868 0.508789 0.240469
0 0.727539 0.222874 0.725586 0.228739 0.730469 0.231672
0 0.547852 0.217009 0.551758 0.221408 0.551758 0.217009
0 0.478516 0.203812 0.483398 0.202346 0.489258 0.206745 0.486328 0.197947
0 0.494141 0.175953 0.491211 0.178886 0.493164 0.183284 0.496094 0.181818
0 0.658203 0.168622 0.653320 0.173021 0.656250 0.181818 0.655273 0.174487 0.659180 0.171554
0 0.863281 0.149560 0.868164 0.155425 0.868164 0.151026
0 0.685547 0.142229 0.685547 0.148094 0.689453 0.149560 0.690430 0.146628
0 0.649414 0.140762 0.652344 0.148094 0.652344 0.142229
0 0.453125 0.137830 0.457031 0.145161 0.460938 0.145161 0.460938 0.137830
0 0.839844 0.109971 0.834961 0.115836 0.840820 0.115836
0 0.666992 0.099707 0.666992 0.107038 0.670898 0.107038
0 0.626953 0.098240 0.624023 0.105572 0.622070 0.104106 0.623047 0.108504 0.626953 0.107038
0 0.831055 0.095308 0.829102 0.101173 0.833984 0.102639 0.833984 0.095308
0 0.816406 0.085044 0.821289 0.092375 0.821289 0.086510
0 0.843750 0.080645 0.843750 0.087977 0.848633 0.089443
0 0.597656 0.071848 0.597656 0.077713 0.601562 0.079179
0 0.639648 0.063050 0.635742 0.068915 0.639648 0.068915
0 0.796875 0.046921 0.794922 0.051320 0.797852 0.060117 0.801758 0.060117
0 0.627930 0.046921 0.628906 0.054252 0.632812 0.054252 0.632812 0.048387
0 0.820312 0.039589 0.819336 0.045455 0.824219 0.045455
0 0.583984 0.027859 0.586914 0.036657 0.589844 0.036657 0.586914 0.027859