0 0.281250 0.957478 0.285156 0.964809 0.292969 0.967742 0.290039 0.954545 0.286133 0.958944
0 0.370117 0.944282 0.377930 0.954545 0.378906 0.966276 0.383789 0.966276 0.387695 0.972141 0.390625 0.988270 0.396484 0.995601 0.405273 0.995601 0.402344 0.973607 0.389648 0.954545 0.382812 0.950147 0.376953 0.939883 0.374023 0.945748
0 0.242188 0.901760 0.244141 0.906158 0.249023 0.906158 0.244141 0.898827
0 0.576172 0.888563 0.581055 0.903226 0.578125 0.907625 0.579102 0.913490 0.585938 0.913490 0.590820 0.929619 0.593750 0.919355 0.598633 0.923754 0.599609 0.916422 0.588867 0.906158 0.586914 0.897361 0.580078 0.888563
0 0.332031 0.882698 0.338867 0.897361 0.343750 0.898827 0.346680 0.913490 0.352539 0.914956 0.359375 0.928152 0.355469 0.914956 0.356445 0.907625 0.359375 0.906158 0.358398 0.892962 0.350586 0.884164
0 0.240234 0.878299 0.241211 0.890029 0.251953 0.895894 0.250000 0.888563 0.247070 0.891496 0.244141 0.887097 0.246094 0.882698
0 0.218750 0.873900 0.219727 0.881232 0.228516 0.885630 0.224609 0.869501
0 0.310547 0.851906 0.315430 0.870968 0.327148 0.878299 0.327148 0.872434 0.317383 0.856305
0 0.187500 0.774194 0.187500 0.778592 0.192383 0.782991 0.192383 0.775660
0 0.156250 0.696481 0.159180 0.700880 0.157227 0.719941 0.165039 0.741935 0.168945 0.746334 0.176758 0.746334 0.181641 0.753666 0.189453 0.753666 0.197266 0.778592 0.202148 0.778592 0.209961 0.790323 0.208984 0.794721 0.203125 0.794721 0.204102 0.800587 0.227539 0.806452 0.229492 0.813783 0.221680 0.816716 0.221680 0.821114 0.228516 0.834311 0.246094 0.850440 0.250000 0.859238 0.256836 0.862170 0.259766 0.854839 0.268555 0.859238 0.272461 0.870968 0.276367 0.873900 0.276367 0.881232 0.272461 0.884164 0.273438 0.890029 0.278320 0.895894 0.282227 0.887097 0.290039 0.890029 0.291992 0.906158 0.301758 0.906158 0.307617 0.925220 0.317383 0.932551 0.323242 0.947214 0.333984 0.950147 0.335938 0.966276 0.356445 0.980938 0.357422 0.994135 0.377930 0.995601 0.379883 0.982405 0.375000 0.980938 0.372070 0.985337 0.362305 0.972141 0.364258 0.950147 0.361328 0.944282 0.357422 0.945748 0.355469 0.953079 0.349609 0.954545 0.345703 0.945748 0.334961 0.936950 0.331055 0.928152 0.333984 0.920821 0.325195 0.910557 0.326172 0.906158 0.331055 0.904692 0.325195 0.887097 0.315430 0.882698 0.312500 0.892962 0.308594 0.888563 0.304688 0.891496 0.298828 0.875367 0.291016 0.870968 0.290039 0.860704 0.280273 0.853372 0.280273 0.844575 0.275391 0.840176 0.266602 0.844575 0.264648 0.825513 0.256836 0.822581 0.250000 0.812317 0.250000 0.807918 0.256836 0.802053 0.252930 0.790323 0.258789 0.780059 0.265625 0.790323 0.269531 0.806452 0.279297 0.816716 0.279297 0.825513 0.284180 0.834311 0.288086 0.835777 0.293945 0.829912 0.300781 0.847507 0.306641 0.843109 0.299805 0.834311 0.298828 0.821114 0.288086 0.807918 0.284180 0.807918 0.278320 0.794721 0.267578 0.782991 0.270508 0.769795 0.264648 0.762463 0.260742 0.765396 0.250000 0.755132 0.246094 0.744868 0.220703 0.734604 0.210938 0.734604 0.199219 0.721408 0.188477 0.718475 0.186523 0.711144 0.167969 0.692082 0.159180 0.692082
0 0.421875 0.687683 0.425781 0.697947 0.425781 0.717009 0.430664 0.719941 0.436523 0.708211 0.444336 0.721408 0.448242 0.749267 0.456055 0.753666 0.458984 0.749267 0.465820 0.752199 0.469727 0.787390 0.477539 0.788856 0.478516 0.784457 0.484375 0.784457 0.494141 0.799120 0.494141 0.815249 0.500000 0.831378 0.500000 0.850440 0.493164 0.860704 0.495117 0.868035 0.500977 0.876833 0.504883 0.876833 0.504883 0.865103 0.501953 0.860704 0.509766 0.862170 0.507812 0.848974 0.512695 0.840176 0.519531 0.851906 0.516602 0.863636 0.521484 0.868035 0.530273 0.868035 0.532227 0.876833 0.536133 0.878299 0.538086 0.887097 0.543945 0.892962 0.546875 0.909091 0.555664 0.922287 0.556641 0.938416 0.545898 0.925220 0.541992 0.929619 0.539062 0.922287 0.531250 0.919355 0.526367 0.912023 0.525391 0.920821 0.528320 0.928152 0.536133 0.932551 0.544922 0.953079 0.543945 0.961877 0.540039 0.966276 0.534180 0.960411 0.533203 0.954545 0.522461 0.954545 0.514648 0.942815 0.511719 0.929619 0.515625 0.928152 0.514648 0.919355 0.505859 0.907625 0.500000 0.906158 0.499023 0.898827 0.494141 0.895894 0.496094 0.887097 0.490234 0.878299 0.475586 0.868035 0.477539 0.882698 0.468750 0.873900 0.469727 0.890029 0.473633 0.890029 0.476562 0.882698 0.484375 0.897361 0.485352 0.923754 0.490234 0.928152 0.494141 0.925220 0.510742 0.945748 0.509766 0.956012 0.513672 0.964809 0.506836 0.966276 0.506836 0.972141 0.512695 0.978006 0.516602 0.988270 0.523438 0.983871 0.534180 0.994135 0.541016 0.983871 0.545898 0.985337 0.543945 0.973607 0.549805 0.970674 0.562500 0.989736 0.561523 0.958944 0.564453 0.956012 0.581055 0.973607 0.582031 0.980938 0.575195 0.991202 0.575195 0.998534 0.608398 0.995601 0.599609 0.972141 0.598633 0.961877 0.590820 0.953079 0.585938 0.939883 0.581055 0.936950 0.577148 0.920821 0.554688 0.878299 0.546875 0.870968 0.545898 0.860704 0.531250 0.838710 0.524414 0.818182 0.517578 0.810850 0.497070 0.771261 0.487305 0.765396 0.483398 0.746334 0.471680 0.731672 0.468750 0.734604 0.471680 0.741935 0.466797 0.741935 0.460938 0.724340 0.453125 0.715543 0.452148 0.722874 0.444336 0.718475 0.446289 0.700880 0.440430 0.692082 0.438477 0.697947 0.443359 0.703812 0.438477 0.709677 0.433594 0.697947
0 0.385742 0.675953 0.390625 0.690616 0.393555 0.689150 0.397461 0.696481 0.402344 0.696481 0.407227 0.706745 0.415039 0.712610 0.411133 0.696481 0.406250 0.692082 0.403320 0.695015 0.396484 0.683284 0.396484 0.673021
0 0.381836 0.630499 0.387695 0.640762 0.385742 0.646628 0.394531 0.659824 0.405273 0.670088 0.410156 0.680352 0.416016 0.678886 0.411133 0.664223 0.397461 0.652493 0.386719 0.630499
0 0.269531 0.570381 0.274414 0.573314 0.272461 0.568915
0 0.259766 0.555718 0.260742 0.561584 0.264648 0.561584 0.262695 0.555718
0 0.242188 0.539589 0.245117 0.548387 0.250000 0.548387 0.249023 0.541056
0 0.218750 0.513196 0.225586 0.520528 0.225586 0.533724 0.236328 0.533724 0.233398 0.523460
0 0.268555 0.516129 0.265625 0.529326 0.269531 0.535191 0.269531 0.549853 0.276367 0.557185 0.280273 0.557185 0.281250 0.552786 0.286133 0.554252 0.289062 0.558651 0.289062 0.573314 0.291992 0.577713 0.296875 0.573314 0.305664 0.582111 0.307617 0.590909 0.304688 0.599707 0.312500 0.601173 0.312500 0.609971 0.296875 0.596774 0.299805 0.601173 0.294922 0.605572 0.290039 0.599707 0.292969 0.587977 0.287109 0.586510 0.286133 0.590909 0.279297 0.587977 0.282227 0.596774 0.287109 0.596774 0.294922 0.605572 0.291992 0.611437 0.293945 0.618768 0.299805 0.612903 0.307617 0.627566 0.312500 0.629032 0.313477 0.636364 0.308594 0.639296 0.303711 0.636364 0.302734 0.629032 0.296875 0.629032 0.299805 0.646628 0.304688 0.652493 0.317383 0.656891 0.326172 0.667155 0.331055 0.677419 0.328125 0.686217 0.329102 0.695015 0.334961 0.697947 0.333984 0.692082 0.336914 0.690616 0.338867 0.706745 0.341797 0.712610 0.349609 0.711144 0.351562 0.719941 0.357422 0.724340 0.354492 0.731672 0.365234 0.741935 0.367188 0.753666 0.374023 0.756598 0.385742 0.772727 0.389648 0.769795 0.391602 0.777126 0.395508 0.777126 0.406250 0.791789 0.407227 0.813783 0.413086 0.816716 0.414062 0.806452 0.418945 0.809384 0.422852 0.835777 0.430664 0.835777 0.438477 0.847507 0.446289 0.847507 0.454102 0.859238 0.458008 0.857771 0.458008 0.851906 0.461914 0.848974 0.468750 0.859238 0.470703 0.857771 0.470703 0.846041 0.462891 0.843109 0.450195 0.813783 0.424805 0.777126 0.424805 0.771261 0.403320 0.746334 0.402344 0.737537 0.390625 0.725806 0.389648 0.718475 0.355469 0.671554 0.346680 0.652493 0.340820 0.653959 0.334961 0.639296 0.331055 0.640762 0.330078 0.633431 0.319336 0.624633 0.324219 0.615836 0.324219 0.611437 0.318359 0.605572 0.321289 0.601173 0.327148 0.604106 0.334961 0.617302 0.334961 0.623167 0.342773 0.629032 0.347656 0.639296 0.352539 0.639296 0.336914 0.605572 0.343750 0.604106 0.346680 0.609971 0.359375 0.605572 0.366211 0.612903 0.366211 0.607038 0.354492 0.596774 0.353516 0.602639 0.348633 0.593842 0.344727 0.593842 0.337891 0.585044 0.340820 0.577713 0.333008 0.570381 0.331055 0.574780 0.326172 0.573314 0.325195 0.570381 0.330078 0.567449 0.330078 0.563050 0.323242 0.558651 0.323242 0.563050 0.319336 0.564516 0.314453 0.557185 0.315430 0.546921 0.303711 0.535191 0.305664 0.532258 0.299805 0.530792 0.293945 0.517595 0.287109 0.511730 0.273438 0.511730 0.272461 0.516129
0 0.265625 0.489736 0.266602 0.497067 0.270508 0.497067 0.273438 0.505865 0.277344 0.505865
0 0.238281 0.466276 0.242188 0.475073 0.242188 0.483871 0.238281 0.485337 0.241211 0.495601 0.250000 0.502933 0.255859 0.502933 0.251953 0.491202 0.256836 0.486804 0.255859 0.480938 0.250977 0.479472 0.243164 0.466276
0 0.209961 0.445748 0.218750 0.456012 0.216797 0.467742 0.219727 0.476540 0.225586 0.476540 0.226562 0.464809 0.233398 0.464809 0.230469 0.456012
0 0.104492 0.447214 0.104492 0.453079 0.112305 0.460411 0.124023 0.456012 0.140625 0.467742 0.153320 0.464809 0.171875 0.482405 0.181641 0.482405 0.187500 0.491202 0.194336 0.488270 0.202148 0.495601 0.196289 0.478006 0.192383 0.442815 0.172852 0.442815 0.153320 0.436950 0.148438 0.442815 0.118164 0.441349
0 0.640625 0.390029 0.640625 0.397361 0.647461 0.409091 0.646484 0.417889 0.649414 0.422287 0.653320 0.453079 0.670898 0.476540 0.673828 0.469208 0.671875 0.464809 0.673828 0.442815 0.655273 0.416422 0.652344 0.398827
0 0.357422 0.326979 0.359375 0.341642 0.362305 0.346041 0.369141 0.343109 0.374023 0.347507 0.375977 0.365103 0.384766 0.372434 0.384766 0.378299 0.393555 0.392962 0.400391 0.385630 0.410156 0.406158 0.415039 0.409091 0.415039 0.403226 0.417969 0.401760 0.427734 0.414956 0.428711 0.425220 0.438477 0.436950 0.441406 0.431085 0.449219 0.432551 0.454102 0.450147 0.461914 0.457478 0.459961 0.463343 0.467773 0.467742 0.472656 0.476540 0.477539 0.476540 0.476562 0.466276 0.480469 0.464809 0.484375 0.476540 0.494141 0.489736 0.494141 0.500000 0.502930 0.510264 0.517578 0.510264 0.518555 0.514663 0.523438 0.516129 0.526367 0.529326 0.531250 0.536657 0.531250 0.543988 0.538086 0.554252 0.545898 0.549853 0.546875 0.557185 0.555664 0.564516 0.556641 0.580645 0.563477 0.589443 0.570312 0.590909 0.579102 0.612903 0.624023 0.652493 0.625000 0.684751 0.622070 0.686217 0.613281 0.677419 0.610352 0.684751 0.613281 0.693548 0.625000 0.708211 0.628906 0.721408 0.634766 0.724340 0.634766 0.740469 0.645508 0.744868 0.644531 0.756598 0.652344 0.755132 0.654297 0.768328 0.661133 0.769795 0.663086 0.782991 0.667969 0.784457 0.677734 0.799120 0.678711 0.806452 0.681641 0.806452 0.680664 0.762463 0.674805 0.722874 0.659180 0.702346 0.637695 0.658358 0.627930 0.648094 0.626953 0.640762 0.617188 0.627566 0.618164 0.620235 0.609375 0.617302 0.608398 0.611437 0.595703 0.595308 0.598633 0.587977 0.594727 0.586510 0.589844 0.576246 0.590820 0.571848 0.595703 0.571848 0.590820 0.560117 0.583984 0.563050 0.570312 0.535191 0.563477 0.535191 0.565430 0.542522 0.562500 0.543988 0.561523 0.536657 0.551758 0.524927 0.554688 0.516129 0.551758 0.507331 0.555664 0.504399 0.546875 0.489736 0.540039 0.497067 0.531250 0.486804 0.527344 0.473607 0.519531 0.473607 0.521484 0.483871 0.516602 0.483871 0.511719 0.470674 0.507812 0.469208 0.509766 0.464809 0.507812 0.460411 0.500000 0.460411 0.484375 0.444282 0.477539 0.431085 0.476562 0.410557 0.466797 0.409091 0.460938 0.395894 0.456055 0.395894 0.455078 0.404692 0.447266 0.398827 0.434570 0.379765 0.436523 0.375367 0.428711 0.372434 0.423828 0.362170 0.418945 0.363636 0.420898 0.372434 0.416016 0.372434 0.402344 0.356305 0.390625 0.351906 0.381836 0.340176 0.375000 0.340176 0.371094 0.332845 0.362305 0.332845
0 0.265625 0.313783 0.266602 0.322581 0.272461 0.332845 0.280273 0.337243 0.288086 0.348974 0.287109 0.351906 0.282227 0.348974 0.281250 0.359238 0.278320 0.362170 0.279297 0.369501 0.288086 0.370968 0.289062 0.365103 0.293945 0.365103 0.296875 0.359238 0.305664 0.362170 0.310547 0.370968 0.315430 0.370968 0.319336 0.379765 0.328125 0.387097 0.329102 0.401760 0.323242 0.403226 0.326172 0.412023 0.330078 0.413490 0.332031 0.407625 0.334961 0.407625 0.343750 0.417889 0.355469 0.416422 0.362305 0.422287 0.377930 0.445748 0.375000 0.451613 0.375977 0.458944 0.387695 0.464809 0.402344 0.478006 0.407227 0.488270 0.412109 0.489736 0.413086 0.510264 0.425781 0.524927 0.436523 0.530792 0.443359 0.541056 0.443359 0.548387 0.447266 0.554252 0.444336 0.565982 0.452148 0.573314 0.454102 0.580645 0.458984 0.576246 0.468750 0.586510 0.473633 0.582111 0.478516 0.592375 0.483398 0.590909 0.481445 0.586510 0.483398 0.582111 0.491211 0.592375 0.491211 0.599707 0.495117 0.604106 0.502930 0.604106 0.509766 0.611437 0.512695 0.621701 0.510742 0.631965 0.515625 0.639296 0.523438 0.637830 0.529297 0.646628 0.536133 0.639296 0.540039 0.645161 0.541016 0.655425 0.535156 0.653959 0.538086 0.671554 0.541016 0.670088 0.541992 0.678886 0.546875 0.683284 0.550781 0.678886 0.554688 0.680352 0.557617 0.693548 0.562500 0.696481 0.565430 0.706745 0.570312 0.706745 0.575195 0.690616 0.584961 0.706745 0.590820 0.706745 0.587891 0.697947 0.592773 0.695015 0.592773 0.690616 0.586914 0.684751 0.585938 0.677419 0.576172 0.671554 0.564453 0.645161 0.551758 0.629032 0.546875 0.629032 0.542969 0.615836 0.520508 0.583578 0.510742 0.577713 0.507812 0.568915 0.491211 0.555718 0.489258 0.543988 0.469727 0.526393 0.467773 0.517595 0.444336 0.498534 0.436523 0.485337 0.422852 0.478006 0.405273 0.447214 0.381836 0.432551 0.375000 0.419355 0.366211 0.412023 0.362305 0.395894 0.354492 0.394428 0.352539 0.387097 0.344727 0.384164 0.328125 0.362170 0.331055 0.344575 0.327148 0.334311 0.319336 0.329912 0.316406 0.334311 0.316406 0.341642 0.328125 0.351906 0.323242 0.357771 0.322266 0.353372 0.306641 0.341642 0.306641 0.334311 0.302734 0.331378 0.303711 0.325513 0.308594 0.322581 0.305664 0.316716 0.293945 0.315249 0.299805 0.325513 0.298828 0.329912 0.294922 0.329912 0.283203 0.316716
0 0.255859 0.296188 0.257812 0.303519 0.261719 0.300587
0 0.281250 0.287390 0.285156 0.312317 0.291016 0.313783 0.292969 0.302053 0.287109 0.294721 0.286133 0.287390
0 0.297852 0.278592 0.300781 0.282991 0.297852 0.294721 0.304688 0.300587 0.314453 0.299120 0.319336 0.307918 0.321289 0.299120 0.319336 0.293255 0.309570 0.282991
0 0.538086 0.277126 0.534180 0.285924 0.537109 0.294721 0.545898 0.303519 0.549805 0.299120 0.548828 0.291789
0 0.182617 0.274194 0.185547 0.284457 0.189453 0.284457 0.190430 0.274194
0 0.198242 0.246334 0.198242 0.252199 0.207031 0.259531 0.207031 0.271261 0.215820 0.275660 0.223633 0.272727 0.229492 0.291789 0.249023 0.302053 0.244141 0.288856 0.246094 0.281525 0.234375 0.274194 0.233398 0.269795 0.229492 0.274194 0.221680 0.259531
0 0.104492 0.237537 0.117188 0.233138 0.107422 0.233138
0 0.079102 0.225806 0.082031 0.230205 0.087891 0.228739 0.083984 0.222874
0 0.173828 0.221408 0.168945 0.217009 0.157227 0.217009 0.148438 0.230205 0.131836 0.233138 0.128906 0.244868 0.137695 0.252199 0.151367 0.239003 0.174805 0.231672
0 0.218750 0.215543 0.219727 0.224340 0.225586 0.231672 0.225586 0.252199 0.233398 0.255132 0.235352 0.265396 0.246094 0.272727 0.246094 0.266862 0.239258 0.256598 0.233398 0.255132 0.231445 0.244868 0.233398 0.239003 0.228516 0.237537 0.229492 0.231672 0.234375 0.234604 0.239258 0.230205 0.239258 0.225806 0.227539 0.215543
0 0.482422 0.208211 0.487305 0.224340 0.490234 0.215543 0.486328 0.208211
0 0.052734 0.016129 0.052734 0.019062 0.058594 0.019062 0.058594 0.016129
0 0.456055 0.000000 0.458984 0.004399 0.468750 0.000000 0.476562 0.004399 0.484375 0.017595 0.491211 0.021994 0.501953 0.019062 0.516602 0.030792 0.521484 0.027859 0.530273 0.033724 0.532227 0.041056 0.540039 0.045455 0.544922 0.055718 0.559570 0.061584 0.554688 0.051320 0.554688 0.042522 0.546875 0.042522 0.540039 0.029326 0.532227 0.027859 0.527344 0.016129 0.516602 0.008798 0.512695 0.000000
0 0.252930 0.000000 0.259766 0.004399 0.269531 0.021994 0.272461 0.019062 0.272461 0.008798 0.277344 0.008798 0.282227 0.021994 0.292969 0.017595 0.302734 0.029326 0.309570 0.045455 0.317383 0.046921 0.324219 0.054252 0.323242 0.045455 0.333984 0.046921 0.346680 0.073314 0.359375 0.080645 0.358398 0.071848 0.361328 0.070381 0.371094 0.079179 0.375977 0.092375 0.389648 0.102639 0.390625 0.107038 0.397461 0.102639 0.406250 0.115836 0.411133 0.112903 0.417969 0.117302 0.432617 0.145161 0.437500 0.149560 0.443359 0.145161 0.450195 0.155425 0.447266 0.159824 0.443359 0.156891 0.441406 0.162757 0.454102 0.178886 0.458008 0.171554 0.455078 0.168622 0.456055 0.161290 0.460938 0.159824 0.463867 0.164223 0.462891 0.171554 0.468750 0.175953 0.469727 0.186217 0.475586 0.195015 0.478516 0.187683 0.471680 0.178886 0.471680 0.170088 0.476562 0.168622 0.481445 0.174487 0.482422 0.184751 0.493164 0.193548 0.494141 0.208211 0.500000 0.209677 0.505859 0.202346 0.515625 0.212610 0.515625 0.239003 0.512695 0.240469 0.506836 0.234604 0.505859 0.240469 0.506836 0.252199 0.513672 0.260997 0.523438 0.260997 0.521484 0.255132 0.524414 0.243402 0.539062 0.241935 0.541992 0.244868 0.541992 0.255132 0.555664 0.272727 0.553711 0.281525 0.559570 0.291789 0.562500 0.284457 0.572266 0.284457 0.573242 0.278592 0.581055 0.275660 0.581055 0.269795 0.584961 0.265396 0.592773 0.268328 0.594727 0.281525 0.597656 0.284457 0.602539 0.278592 0.601562 0.269795 0.587891 0.260997 0.580078 0.236070 0.571289 0.230205 0.561523 0.212610 0.548828 0.199413 0.532227 0.187683 0.520508 0.170088 0.466797 0.121701 0.452148 0.099707 0.444336 0.102639 0.434570 0.089443 0.427734 0.095308 0.419922 0.093842 0.399414 0.067449 0.394531 0.065982 0.386719 0.048387 0.375000 0.051320 0.367188 0.046921 0.359375 0.036657 0.361328 0.029326 0.358398 0.024927 0.343750 0.020528 0.343750 0.032258 0.313477 0.010264 0.308594 0.000000
0 0.097656 0.014663 0.100586 0.021994 0.119141 0.021994 0.125000 0.030792 0.129883 0.030792 0.129883 0.024927 0.124023 0.021994 0.129883 0.017595 0.138672 0.027859 0.155273 0.030792 0.162109 0.045455 0.168945 0.045455 0.167969 0.035191 0.174805 0.033724 0.177734 0.027859 0.181641 0.030792 0.190430 0.023460 0.204102 0.035191 0.200195 0.039589 0.200195 0.045455 0.210938 0.058651 0.210938 0.064516 0.219727 0.073314 0.221680 0.068915 0.226562 0.071848 0.221680 0.079179 0.225586 0.092375 0.234375 0.092375 0.230469 0.085044 0.232422 0.080645 0.240234 0.087977 0.244141 0.085044 0.249023 0.089443 0.257812 0.107038 0.267578 0.108504 0.273438 0.121701 0.268555 0.127566 0.272461 0.134897 0.278320 0.139296 0.283203 0.136364 0.275391 0.123167 0.278320 0.117302 0.286133 0.115836 0.287109 0.107038 0.295898 0.108504 0.300781 0.115836 0.314453 0.117302 0.316406 0.134897 0.342773 0.151026 0.349609 0.164223 0.343750 0.173021 0.363281 0.187683 0.365234 0.196481 0.360352 0.199413 0.360352 0.206745 0.374023 0.215543 0.374023 0.206745 0.376953 0.205279 0.385742 0.214076 0.395508 0.214076 0.400391 0.218475 0.402344 0.212610 0.396484 0.206745 0.400391 0.202346 0.400391 0.196481 0.405273 0.197947 0.407227 0.205279 0.413086 0.209677 0.413086 0.218475 0.428711 0.221408 0.440430 0.236070 0.441406 0.241935 0.437500 0.244868 0.438477 0.252199 0.445312 0.253666 0.447266 0.243402 0.460938 0.244868 0.474609 0.269795 0.475586 0.280059 0.482422 0.288856 0.502930 0.291789 0.512695 0.306452 0.510742 0.315249 0.529297 0.329912 0.531250 0.347507 0.535156 0.350440 0.540039 0.347507 0.546875 0.353372 0.547852 0.360704 0.557617 0.363636 0.557617 0.370968 0.565430 0.384164 0.563477 0.392962 0.569336 0.398827 0.574219 0.398827 0.583984 0.382698 0.593750 0.394428 0.602539 0.398827 0.605469 0.397361 0.606445 0.388563 0.616211 0.403226 0.624023 0.407625 0.630859 0.422287 0.634766 0.420821 0.636719 0.395894 0.632812 0.385630 0.632812 0.372434 0.618164 0.348974 0.610352 0.343109 0.605469 0.329912 0.597656 0.324047 0.592773 0.310850 0.580078 0.293255 0.573242 0.290323 0.569336 0.324047 0.581055 0.354839 0.571289 0.356305 0.561523 0.347507 0.559570 0.334311 0.555664 0.328446 0.546875 0.329912 0.541992 0.324047 0.537109 0.306452 0.526367 0.304985 0.522461 0.300587 0.509766 0.269795 0.495117 0.266862 0.489258 0.250733 0.475586 0.244868 0.470703 0.234604 0.471680 0.227273 0.460938 0.212610 0.429688 0.186217 0.418945 0.170088 0.401367 0.159824 0.386719 0.140762 0.375977 0.136364 0.366211 0.123167 0.360352 0.126100 0.358398 0.118768 0.346680 0.105572 0.337891 0.104106 0.349609 0.117302 0.348633 0.121701 0.344727 0.123167 0.342773 0.117302 0.335938 0.117302 0.330078 0.104106 0.333008 0.095308 0.326172 0.093842 0.328125 0.098240 0.323242 0.099707 0.312500 0.093842 0.311523 0.089443 0.317383 0.085044 0.305664 0.071848 0.296875 0.080645 0.281250 0.064516 0.284180 0.058651 0.280273 0.055718 0.278320 0.057185 0.281250 0.065982 0.272461 0.070381 0.261719 0.054252 0.264648 0.043988 0.252930 0.035191 0.250000 0.039589 0.250977 0.045455 0.247070 0.046921 0.244141 0.042522 0.246094 0.039589 0.243164 0.029326 0.230469 0.019062 0.224609 0.023460 0.232422 0.033724 0.231445 0.036657 0.222656 0.035191 0.212891 0.026393 0.221680 0.021994 0.220703 0.014663 0.211914 0.004399 0.195312 0.000000 0.193359 0.005865 0.188477 0.004399 0.187500 0.000000 0.109375 0.000000