0 0.657227 0.683284 0.663086 0.687683 0.661133 0.690616 0.666016 0.686217 0.666016 0.683284
0 0.475586 0.674487 0.467773 0.686217 0.471680 0.686217 0.469727 0.683284
0 0.330078 0.652493 0.327148 0.642229 0.324219 0.646628 0.318359 0.645161 0.320312 0.649560
0 0.573242 0.630499 0.570312 0.634897 0.566406 0.631965 0.567383 0.637830 0.570312 0.639296
0 0.529297 0.614370 0.519531 0.617302 0.517578 0.621701 0.525391 0.617302 0.526367 0.621701 0.521484 0.627566 0.525391 0.626100
0 0.259766 0.612903 0.267578 0.612903 0.267578 0.608504
0 0.488281 0.583578 0.484375 0.589443 0.487305 0.587977 0.489258 0.592375 0.491211 0.587977
0 0.641602 0.571848 0.636719 0.580645 0.639648 0.582111
0 0.367188 0.571848 0.361328 0.574780 0.358398 0.582111 0.367188 0.577713
0 0.242188 0.574780 0.237305 0.571848 0.238281 0.576246 0.230469 0.579179 0.227539 0.574780 0.226562 0.579179 0.220703 0.580645
0 0.200195 0.533724 0.199219 0.530792 0.198242 0.535191 0.185547 0.536657 0.191406 0.535191 0.192383 0.539589 0.195312 0.533724 0.194336 0.539589
0 0.261719 0.441349 0.249023 0.444282 0.251953 0.447214 0.254883 0.442815 0.257812 0.447214 0.255859 0.444282
0 0.823242 0.398827 0.827148 0.401760 0.826172 0.406158 0.823242 0.404692 0.828125 0.414956 0.829102 0.412023 0.834961 0.414956 0.832031 0.410557 0.833984 0.406158
0 0.822266 0.372434 0.827148 0.378299 0.827148 0.385630 0.828125 0.376833 0.834961 0.382698 0.840820 0.378299 0.843750 0.385630 0.835938 0.388563 0.850586 0.392962 0.850586 0.400293 0.853516 0.394428 0.855469 0.400293 0.850586 0.390029 0.843750 0.387097 0.845703 0.379765 0.826172 0.369501 0.829102 0.372434 0.827148 0.375367
0 0.817383 0.362170 0.819336 0.368035 0.813477 0.372434 0.818359 0.378299 0.816406 0.373900 0.821289 0.365103
0 0.804688 0.360704 0.807617 0.368035 0.809570 0.365103
0 0.823242 0.338710 0.828125 0.343109 0.825195 0.354839 0.822266 0.346041 0.823242 0.354839 0.832031 0.350440 0.840820 0.359238 0.832031 0.346041 0.846680 0.353372
0 0.807617 0.331378 0.808594 0.337243 0.810547 0.334311 0.819336 0.337243
0 0.767578 0.315249 0.768555 0.321114 0.760742 0.334311 0.769531 0.321114
0 0.281250 0.296188 0.281250 0.306452 0.292969 0.306452 0.284180 0.303519 0.285156 0.300587
0 0.474609 0.225806 0.476562 0.230205 0.474609 0.240469 0.476562 0.237537 0.479492 0.240469 0.476562 0.236070 0.478516 0.225806
0 0.525391 0.221408 0.522461 0.228739 0.520508 0.221408 0.516602 0.221408 0.519531 0.225806 0.519531 0.236070
0 0.434570 0.221408 0.433594 0.224340 0.438477 0.227273 0.439453 0.221408