0 0.615234 0.985337 0.622070 0.998534 0.636719 0.998534
0 0.662109 0.982405 0.673828 0.991202 0.671875 0.989736 0.673828 0.982405
0 0.593750 0.973607 0.593750 0.988270 0.599609 0.994135 0.602539 0.989736 0.596680 0.982405 0.601562 0.978006
0 0.619141 0.963343 0.628906 0.975073 0.631836 0.967742 0.634766 0.967742 0.624023 0.961877 0.625000 0.966276 0.622070 0.967742
0 0.591797 0.944282 0.601562 0.948680 0.596680 0.938416
0 0.840820 0.785924 0.833984 0.788856 0.833984 0.793255 0.829102 0.791789 0.835938 0.807918 0.840820 0.803519 0.840820 0.797654 0.845703 0.796188
0 0.791992 0.785924 0.793945 0.791789 0.802734 0.793255
0 0.687500 0.785924 0.690430 0.791789 0.699219 0.793255
0 0.688477 0.765396 0.700195 0.777126 0.699219 0.771261
0 0.700195 0.737537 0.712891 0.746334 0.712891 0.753666 0.703125 0.758065 0.703125 0.763930 0.721680 0.769795 0.724609 0.777126 0.738281 0.785924 0.737305 0.788856 0.732422 0.785924 0.732422 0.790323 0.747070 0.788856 0.752930 0.793255 0.752930 0.802053 0.762695 0.800587 0.765625 0.803519 0.763672 0.810850 0.770508 0.807918 0.782227 0.819648 0.787109 0.819648 0.788086 0.812317 0.791016 0.813783 0.784180 0.794721 0.765625 0.788856 0.762695 0.781525 0.753906 0.780059 0.751953 0.775660 0.748047 0.780059 0.742188 0.769795 0.734375 0.768328 0.733398 0.762463 0.729492 0.765396 0.732422 0.769795 0.727539 0.771261 0.724609 0.768328 0.727539 0.766862 0.726562 0.760997 0.717773 0.753666 0.723633 0.750733
0 0.753906 0.733138 0.758789 0.744868 0.750000 0.741935 0.765625 0.753666 0.764648 0.747801 0.759766 0.744868 0.762695 0.740469 0.761719 0.734604
0 0.541992 0.715543 0.570312 0.719941 0.573242 0.730205 0.590820 0.740469 0.593750 0.734604 0.590820 0.737537 0.588867 0.730205 0.602539 0.733138 0.604492 0.743402 0.608398 0.737537 0.610352 0.744868 0.616211 0.747801 0.613281 0.753666 0.627930 0.750733 0.625000 0.746334 0.629883 0.744868 0.639648 0.750733 0.639648 0.755132 0.636719 0.752199 0.634766 0.755132 0.643555 0.760997 0.639648 0.755132 0.642578 0.750733 0.651367 0.759531 0.662109 0.760997 0.666016 0.768328 0.668945 0.768328 0.668945 0.763930 0.676758 0.766862 0.666016 0.759531 0.665039 0.755132 0.668945 0.752199 0.665039 0.746334 0.660156 0.747801 0.655273 0.741935 0.650391 0.741935 0.653320 0.746334 0.650391 0.752199 0.637695 0.744868 0.630859 0.746334 0.625000 0.743402 0.622070 0.734604 0.622070 0.741935 0.614258 0.731672 0.609375 0.734604 0.606445 0.724340 0.593750 0.727273 0.592773 0.719941 0.584961 0.719941 0.577148 0.714076 0.573242 0.718475 0.570312 0.711144 0.562500 0.711144 0.555664 0.705279
0 0.647461 0.696481 0.654297 0.706745 0.659180 0.702346 0.662109 0.709677 0.671875 0.714076 0.670898 0.703812 0.656250 0.699413 0.655273 0.695015
0 0.693359 0.687683 0.696289 0.696481 0.706055 0.697947 0.711914 0.708211 0.710938 0.711144 0.704102 0.709677 0.704102 0.712610 0.718750 0.721408 0.715820 0.727273 0.718750 0.736070 0.724609 0.733138 0.727539 0.737537 0.734375 0.737537 0.733398 0.733138 0.725586 0.733138 0.723633 0.727273 0.718750 0.727273 0.719727 0.721408 0.728516 0.722874 0.736328 0.730205 0.733398 0.721408 0.743164 0.718475 0.730469 0.697947 0.714844 0.687683 0.711914 0.696481
0 0.677734 0.684751 0.687500 0.684751 0.681641 0.680352
0 0.550781 0.677419 0.550781 0.683284 0.564453 0.689150 0.561523 0.681818
0 0.596680 0.668622 0.605469 0.674487 0.609375 0.683284 0.615234 0.680352 0.618164 0.684751 0.624023 0.684751 0.625000 0.689150 0.629883 0.689150 0.615234 0.673021 0.604492 0.673021 0.602539 0.667155
0 0.541992 0.662757 0.546875 0.670088 0.568359 0.675953 0.556641 0.668622 0.553711 0.671554
0 0.515625 0.664223 0.529297 0.668622 0.528320 0.673021 0.522461 0.673021 0.534180 0.671554 0.520508 0.662757
0 0.609375 0.652493 0.618164 0.658358 0.615234 0.661290 0.624023 0.662757 0.625977 0.667155 0.633789 0.662757 0.637695 0.655425 0.647461 0.659824 0.649414 0.656891 0.648438 0.653959 0.643555 0.656891 0.640625 0.652493 0.635742 0.652493 0.633789 0.656891 0.630859 0.649560 0.627930 0.653959
0 0.584961 0.643695 0.590820 0.645161 0.587891 0.651026 0.605469 0.655425 0.606445 0.651026 0.599609 0.643695 0.589844 0.640762
0 0.569336 0.617302 0.568359 0.624633 0.571289 0.624633
0 0.747070 0.480938 0.750977 0.488270 0.750977 0.495601 0.754883 0.495601 0.755859 0.489736
0 0.654297 0.483871 0.654297 0.488270 0.664062 0.488270 0.665039 0.497067 0.666992 0.492669 0.672852 0.500000 0.677734 0.495601 0.686523 0.497067 0.684570 0.492669 0.677734 0.494135 0.673828 0.480938 0.671875 0.483871 0.666016 0.480938 0.664062 0.488270
0 0.619141 0.464809 0.631836 0.478006 0.649414 0.482405
0 0.603516 0.460411 0.612305 0.472141 0.609375 0.467742 0.612305 0.464809
0 0.687500 0.431085 0.690430 0.436950 0.695312 0.435484 0.693359 0.431085
0 0.552734 0.431085 0.555664 0.435484 0.561523 0.431085 0.556641 0.426686
0 0.644531 0.395894 0.649414 0.398827 0.648438 0.403226 0.644531 0.401760 0.651367 0.407625 0.659180 0.409091 0.659180 0.403226 0.664062 0.403226 0.666016 0.412023 0.666992 0.407625 0.671875 0.409091 0.671875 0.416422 0.674805 0.413490 0.677734 0.417889 0.687500 0.417889 0.690430 0.422287 0.696289 0.422287 0.701172 0.429619 0.705078 0.426686 0.708984 0.431085 0.703125 0.423754 0.710938 0.422287 0.715820 0.428152 0.713867 0.435484 0.720703 0.435484 0.721680 0.431085 0.733398 0.432551 0.734375 0.441349 0.740234 0.445748 0.740234 0.441349 0.746094 0.435484 0.728516 0.422287 0.727539 0.414956 0.718750 0.413490 0.710938 0.403226 0.702148 0.413490 0.700195 0.410557 0.693359 0.413490 0.680664 0.400293 0.678711 0.403226 0.669922 0.398827 0.666992 0.404692 0.655273 0.395894
0 0.704102 0.391496 0.704102 0.394428 0.718750 0.398827 0.714844 0.391496
0 0.628906 0.387097 0.631836 0.391496 0.627930 0.394428 0.628906 0.397361 0.632812 0.394428 0.635742 0.401760 0.639648 0.401760 0.639648 0.395894 0.642578 0.394428
0 0.609375 0.379765 0.619141 0.392962 0.626953 0.388563
0 0.500000 0.372434 0.500977 0.378299 0.512695 0.385630 0.513672 0.392962 0.524414 0.392962 0.525391 0.397361 0.530273 0.397361 0.531250 0.409091 0.541016 0.409091 0.545898 0.401760 0.549805 0.409091 0.547852 0.413490 0.555664 0.417889 0.553711 0.409091 0.557617 0.412023 0.568359 0.409091 0.575195 0.417889 0.580078 0.416422 0.582031 0.420821 0.590820 0.417889 0.594727 0.425220 0.598633 0.422287 0.600586 0.431085 0.603516 0.426686 0.611328 0.432551 0.613281 0.439883 0.618164 0.436950 0.619141 0.441349 0.615234 0.444282 0.624023 0.445748 0.625977 0.450147 0.629883 0.450147 0.634766 0.441349 0.661133 0.460411 0.660156 0.453079 0.670898 0.454545 0.671875 0.458944 0.676758 0.454545 0.679688 0.463343 0.677734 0.456012 0.681641 0.454545 0.699219 0.464809 0.695312 0.457478 0.682617 0.454545 0.674805 0.447214 0.669922 0.447214 0.672852 0.451613 0.669922 0.454545 0.664062 0.448680 0.664062 0.442815 0.659180 0.445748 0.655273 0.438416 0.646484 0.436950 0.644531 0.441349 0.640625 0.436950 0.639648 0.441349 0.635742 0.441349 0.630859 0.431085 0.629883 0.434018 0.624023 0.431085 0.626953 0.426686 0.619141 0.428152 0.618164 0.423754 0.617188 0.428152 0.613281 0.428152 0.606445 0.419355 0.602539 0.422287 0.598633 0.413490 0.594727 0.414956 0.592773 0.410557 0.563477 0.407625 0.554688 0.391496 0.546875 0.391496 0.545898 0.387097 0.541992 0.394428 0.540039 0.385630 0.534180 0.384164 0.531250 0.390029 0.530273 0.381232 0.527344 0.387097 0.518555 0.384164 0.518555 0.379765 0.503906 0.379765
0 0.602539 0.362170 0.593750 0.362170 0.590820 0.353372 0.584961 0.348974 0.580078 0.360704 0.576172 0.357771 0.574219 0.366569 0.565430 0.365103 0.577148 0.369501 0.578125 0.373900 0.579102 0.370968 0.592773 0.373900 0.593750 0.369501 0.599609 0.369501
0 0.502930 0.348974 0.506836 0.354839 0.511719 0.351906 0.517578 0.356305 0.509766 0.348974
0 0.538086 0.344575 0.537109 0.347507 0.540039 0.348974 0.538086 0.354839 0.542969 0.351906 0.551758 0.360704 0.543945 0.354839 0.543945 0.347507
0 0.521484 0.350440 0.514648 0.346041 0.515625 0.334311 0.518555 0.332845 0.515625 0.328446 0.502930 0.343109 0.508789 0.341642 0.509766 0.346041
0 0.693359 0.236070 0.700195 0.243402 0.700195 0.239003
0 0.665039 0.225806 0.666992 0.233138 0.673828 0.230205
0 0.633789 0.221408 0.643555 0.225806 0.648438 0.217009 0.643555 0.221408 0.634766 0.217009
0 0.562500 0.189150 0.565430 0.200880 0.571289 0.200880 0.574219 0.205279 0.572266 0.197947 0.578125 0.197947 0.574219 0.192082
0 0.546875 0.184751 0.549805 0.189150 0.547852 0.195015 0.554688 0.196481 0.555664 0.187683 0.559570 0.190616 0.556641 0.186217
0 0.484375 0.146628 0.488281 0.158358 0.493164 0.151026 0.500000 0.158358 0.504883 0.155425 0.506836 0.162757 0.518555 0.162757 0.522461 0.168622 0.534180 0.168622 0.540039 0.173021 0.531250 0.159824 0.532227 0.155425 0.534180 0.158358 0.536133 0.155425 0.530273 0.151026 0.521484 0.149560 0.523438 0.155425 0.515625 0.156891 0.511719 0.149560 0.500000 0.152493
0 0.475586 0.146628 0.478516 0.151026 0.481445 0.149560
0 0.543945 0.137830 0.552734 0.145161 0.550781 0.151026 0.553711 0.152493 0.553711 0.162757 0.559570 0.162757 0.561523 0.155425 0.562500 0.164223 0.572266 0.173021 0.578125 0.171554 0.578125 0.164223 0.583008 0.164223 0.587891 0.168622 0.587891 0.174487 0.592773 0.173021 0.597656 0.181818 0.601562 0.178886 0.603516 0.183284 0.603516 0.177419 0.608398 0.177419 0.610352 0.184751 0.622070 0.181818 0.620117 0.190616 0.626953 0.184751 0.630859 0.195015 0.649414 0.197947 0.645508 0.195015 0.646484 0.190616 0.655273 0.190616 0.648438 0.183284 0.641602 0.183284 0.637695 0.175953 0.627930 0.175953 0.622070 0.170088 0.619141 0.175953 0.602539 0.171554 0.603516 0.164223 0.583984 0.164223 0.580078 0.158358 0.583008 0.153959 0.578125 0.151026 0.577148 0.156891 0.566406 0.156891 0.554688 0.148094 0.558594 0.137830 0.548828 0.131965
0 0.427734 0.117302 0.429688 0.127566 0.436523 0.124633 0.446289 0.131965 0.453125 0.131965 0.452148 0.126100 0.455078 0.124633 0.452148 0.118768
0 0.459961 0.102639 0.462891 0.108504 0.458984 0.112903 0.474609 0.115836 0.475586 0.124633 0.478516 0.117302 0.484375 0.120235 0.494141 0.117302 0.500000 0.124633 0.507812 0.126100 0.508789 0.117302 0.497070 0.118768 0.492188 0.109971 0.483398 0.108504 0.472656 0.114370 0.467773 0.111437 0.467773 0.104106
0 0.418945 0.102639 0.449219 0.111437 0.447266 0.105572 0.441406 0.108504 0.437500 0.104106 0.436523 0.095308 0.428711 0.098240 0.422852 0.093842 0.422852 0.101173
0 0.505859 0.086510 0.505859 0.093842 0.512695 0.098240 0.509766 0.104106 0.515625 0.115836 0.541016 0.117302 0.539062 0.114370 0.542969 0.112903 0.546875 0.117302 0.546875 0.124633 0.552734 0.124633 0.552734 0.112903 0.571289 0.120235 0.568359 0.109971 0.563477 0.109971 0.561523 0.104106 0.563477 0.101173 0.570312 0.104106 0.572266 0.099707 0.565430 0.099707 0.564453 0.095308 0.556641 0.093842 0.552734 0.095308 0.551758 0.102639 0.544922 0.102639 0.529297 0.093842 0.528320 0.082111 0.530273 0.080645 0.515625 0.080645 0.508789 0.089443
0 0.456055 0.082111 0.464844 0.085044 0.460938 0.080645
0 0.466797 0.074780 0.468750 0.085044 0.483398 0.087977 0.484375 0.092375 0.487305 0.089443 0.499023 0.092375 0.494141 0.087977 0.497070 0.082111 0.490234 0.080645 0.481445 0.086510 0.477539 0.082111 0.483398 0.083578 0.483398 0.080645 0.473633 0.074780 0.469727 0.079179
0 0.510742 0.063050 0.510742 0.068915 0.524414 0.073314
0 0.439453 0.077713 0.436523 0.073314 0.439453 0.067449 0.434570 0.063050 0.424805 0.061584 0.418945 0.070381 0.407227 0.067449 0.405273 0.063050 0.401367 0.065982 0.412109 0.074780 0.407227 0.080645 0.418945 0.083578 0.419922 0.087977 0.433594 0.089443 0.431641 0.079179