0 0.778320 0.925220 0.771484 0.931085 0.773438 0.938416 0.775391 0.938416 0.772461 0.931085
0 0.798828 0.907625 0.791016 0.912023 0.788086 0.919355 0.792969 0.919355 0.794922 0.914956 0.798828 0.917889
0 0.843750 0.851906 0.832031 0.848974 0.822266 0.851906 0.815430 0.859238 0.818359 0.866569 0.825195 0.859238 0.828125 0.866569 0.831055 0.865103 0.828125 0.878299 0.825195 0.879765 0.828125 0.891496 0.830078 0.891496 0.828125 0.884164 0.833008 0.881232 0.835938 0.872434 0.842773 0.876833 0.840820 0.872434 0.842773 0.868035 0.848633 0.866569 0.848633 0.859238
0 0.899414 0.794721 0.890625 0.807918 0.885742 0.804985 0.882812 0.809384 0.878906 0.804985 0.878906 0.813783 0.871094 0.822581 0.863281 0.816716 0.858398 0.826979 0.852539 0.831378 0.850586 0.828446 0.851562 0.835777 0.856445 0.837243 0.856445 0.844575 0.862305 0.838710 0.868164 0.847507 0.871094 0.841642 0.866211 0.844575 0.864258 0.840176 0.870117 0.831378 0.874023 0.831378 0.878906 0.821114 0.883789 0.821114 0.885742 0.813783 0.895508 0.810850 0.899414 0.803519
0 0.880859 0.774194 0.867188 0.778592 0.869141 0.780059 0.866211 0.784457 0.867188 0.790323 0.857422 0.812317 0.865234 0.807918 0.870117 0.793255 0.876953 0.800587 0.874023 0.784457
0 0.908203 0.771261 0.894531 0.787390 0.905273 0.788856 0.900391 0.784457
0 0.927734 0.741935 0.919922 0.737537 0.916016 0.753666 0.921875 0.749267 0.926758 0.750733
0 0.683594 0.643695 0.678711 0.640762 0.676758 0.648094 0.668945 0.652493 0.666992 0.649560 0.664062 0.656891 0.657227 0.652493 0.656250 0.659824 0.657227 0.655425 0.662109 0.658358 0.656250 0.662757 0.659180 0.667155 0.654297 0.667155 0.652344 0.671554 0.649414 0.668622 0.638672 0.683284 0.642578 0.683284 0.654297 0.670088 0.659180 0.673021 0.657227 0.678886 0.661133 0.678886 0.662109 0.668622 0.665039 0.665689 0.664062 0.656891 0.666992 0.661290 0.669922 0.656891 0.671875 0.659824 0.672852 0.651026
0 0.669922 0.596774 0.666016 0.604106 0.668945 0.604106 0.670898 0.609971 0.674805 0.602639
0 0.734375 0.539589 0.731445 0.545455 0.724609 0.541056 0.722656 0.545455 0.724609 0.548387 0.719727 0.554252 0.722656 0.558651 0.718750 0.560117 0.715820 0.576246 0.710938 0.583578 0.707031 0.582111 0.706055 0.590909 0.700195 0.586510 0.700195 0.579179 0.699219 0.582111 0.692383 0.580645 0.695312 0.571848 0.693359 0.564516 0.687500 0.570381 0.684570 0.580645 0.690430 0.580645 0.691406 0.589443 0.687500 0.593842 0.685547 0.604106 0.688477 0.607038 0.687500 0.612903 0.692383 0.609971 0.693359 0.614370 0.687500 0.617302 0.687500 0.624633 0.682617 0.627566 0.687500 0.627566 0.690430 0.617302 0.697266 0.608504 0.700195 0.609971 0.703125 0.601173 0.708984 0.604106 0.711914 0.593842 0.708008 0.598240 0.705078 0.593842 0.718750 0.577713 0.721680 0.580645 0.722656 0.568915 0.731445 0.568915 0.730469 0.551320 0.733398 0.549853
0 0.752930 0.523460 0.748047 0.523460 0.748047 0.529326 0.740234 0.539589 0.746094 0.538123
0 0.787109 0.480938 0.772461 0.494135 0.765625 0.489736 0.760742 0.492669 0.757812 0.501466 0.750977 0.501466 0.752930 0.502933 0.750000 0.507331 0.750000 0.516129 0.758789 0.514663 0.756836 0.520528 0.761719 0.520528 0.778320 0.500000
0 0.762695 0.475073 0.758789 0.475073 0.756836 0.482405 0.750977 0.486804 0.754883 0.486804
0 0.481445 0.466276 0.472656 0.478006 0.476562 0.476540 0.477539 0.483871 0.483398 0.479472 0.483398 0.473607 0.481445 0.478006 0.478516 0.476540
0 0.787109 0.464809 0.778320 0.454545 0.772461 0.457478 0.772461 0.463343 0.766602 0.469208 0.766602 0.473607 0.770508 0.476540 0.772461 0.467742 0.777344 0.469208 0.778320 0.473607
0 0.505859 0.428152 0.490234 0.445748 0.504883 0.435484
0 0.515625 0.372434 0.515625 0.379765 0.509766 0.381232 0.512695 0.392962 0.506836 0.403226 0.508789 0.406158 0.514648 0.401760 0.515625 0.381232 0.521484 0.379765
0 0.530273 0.368035 0.519531 0.370968 0.525391 0.375367
0 0.498047 0.366569 0.500000 0.375367 0.507812 0.369501 0.500000 0.372434
0 0.558594 0.321114 0.550781 0.324047 0.551758 0.316716 0.547852 0.313783 0.543945 0.326979 0.532227 0.329912 0.532227 0.335777 0.540039 0.331378 0.545898 0.341642 0.546875 0.334311
0 0.295898 0.306452 0.288086 0.310850 0.284180 0.316716 0.285156 0.322581 0.291016 0.324047 0.295898 0.313783
0 0.306641 0.268328 0.302734 0.269795 0.297852 0.284457 0.301758 0.285924 0.302734 0.281525 0.303711 0.285924 0.306641 0.284457 0.308594 0.278592 0.303711 0.278592 0.304688 0.272727 0.309570 0.275660
0 0.583008 0.268328 0.578125 0.266862 0.573242 0.274194 0.576172 0.278592 0.575195 0.290323 0.572266 0.293255 0.575195 0.303519 0.568359 0.310850 0.570312 0.302053 0.566406 0.300587 0.563477 0.312317 0.560547 0.309384 0.557617 0.313783 0.562500 0.316716 0.562500 0.322581 0.566406 0.312317 0.571289 0.312317 0.577148 0.303519 0.577148 0.291789 0.581055 0.281525 0.586914 0.278592
0 0.318359 0.240469 0.313477 0.240469 0.309570 0.249267 0.305664 0.250733 0.302734 0.249267 0.303711 0.243402 0.300781 0.246334 0.300781 0.255132 0.293945 0.259531 0.296875 0.271261 0.301758 0.265396 0.302734 0.256598 0.306641 0.265396 0.314453 0.253666
0 0.608398 0.236070 0.600586 0.240469 0.603516 0.243402 0.602539 0.249267 0.597656 0.249267 0.598633 0.243402 0.594727 0.243402 0.591797 0.249267 0.596680 0.256598 0.601562 0.255132
0 0.121094 0.233138 0.113281 0.247801 0.122070 0.237537
0 0.136719 0.174487 0.131836 0.186217 0.137695 0.177419
0 0.319336 0.170088 0.320312 0.174487 0.324219 0.174487 0.321289 0.168622
0 0.375000 0.117302 0.368164 0.126100 0.365234 0.123167 0.357422 0.126100 0.354492 0.121701 0.349609 0.129032 0.346680 0.140762 0.349609 0.140762 0.350586 0.134897 0.356445 0.140762 0.357422 0.148094 0.348633 0.164223 0.343750 0.159824 0.342773 0.164223 0.334961 0.168622 0.326172 0.200880 0.312500 0.212610 0.312500 0.221408 0.307617 0.225806 0.311523 0.228739 0.314453 0.224340 0.313477 0.234604 0.318359 0.233138 0.322266 0.243402 0.320312 0.244868 0.324219 0.241935 0.327148 0.231672 0.322266 0.230205 0.327148 0.209677 0.332031 0.202346 0.336914 0.208211 0.334961 0.199413 0.346680 0.173021 0.343750 0.165689 0.350586 0.162757 0.362305 0.143695 0.363281 0.136364 0.366211 0.139296 0.362305 0.127566 0.371094 0.127566
0 0.156250 0.108504 0.153320 0.114370 0.153320 0.130499 0.156250 0.118768 0.159180 0.117302 0.155273 0.117302
0 0.380859 0.104106 0.375977 0.108504 0.375977 0.112903
0 0.408203 0.051320 0.401367 0.052786 0.399414 0.057185 0.397461 0.055718 0.399414 0.051320 0.390625 0.052786 0.389648 0.048387 0.378906 0.058651 0.378906 0.061584 0.384766 0.061584 0.381836 0.073314 0.375000 0.071848 0.369141 0.082111 0.371094 0.085044 0.375000 0.077713 0.377930 0.079179 0.372070 0.096774 0.387695 0.087977 0.384766 0.074780 0.388672 0.068915 0.392578 0.070381 0.392578 0.079179 0.396484 0.073314 0.396484 0.063050 0.405273 0.060117 0.405273 0.052786
0 0.184570 0.023460 0.180664 0.038123 0.186523 0.032258
0 0.199219 0.014663 0.191406 0.026393 0.197266 0.021994
0 0.437500 0.000000 0.427734 0.000000 0.426758 0.004399 0.421875 0.005865 0.416016 0.023460 0.429688 0.004399