0 0.599609 0.702346 0.595703 0.727273 0.599609 0.719941
0 0.607422 0.692082 0.604492 0.697947 0.605469 0.714076 0.602539 0.712610 0.601562 0.722874 0.594727 0.734604 0.593750 0.725806 0.589844 0.746334 0.583984 0.747801 0.582031 0.765396 0.585938 0.762463 0.585938 0.768328 0.589844 0.768328 0.583984 0.780059 0.603516 0.766862 0.603516 0.753666 0.599609 0.763930 0.596680 0.758065 0.600586 0.740469 0.603516 0.737537 0.604492 0.744868 0.606445 0.743402 0.604492 0.740469 0.607422 0.727273
0 0.649414 0.611437 0.652344 0.637830 0.655273 0.639296
0 0.657227 0.604106 0.660156 0.621701 0.656250 0.629032 0.662109 0.633431
0 0.665039 0.595308 0.671875 0.634897 0.672852 0.664223 0.674805 0.664223 0.672852 0.662757 0.672852 0.653959 0.675781 0.652493 0.671875 0.643695 0.671875 0.621701 0.669922 0.621701
0 0.642578 0.582111 0.645508 0.595308 0.645508 0.621701 0.651367 0.651026 0.654297 0.651026 0.651367 0.658358 0.655273 0.662757 0.655273 0.668622 0.651367 0.664223 0.649414 0.677419 0.645508 0.678886 0.646484 0.724340 0.666016 0.699413 0.664062 0.690616 0.666016 0.664223 0.663086 0.639296 0.661133 0.639296 0.663086 0.645161 0.661133 0.661290 0.663086 0.662757 0.661133 0.673021 0.657227 0.673021 0.654297 0.661290 0.655273 0.651026 0.650391 0.645161 0.650391 0.631965 0.644531 0.607038 0.647461 0.602639 0.646484 0.589443
0 0.595703 0.579179 0.594727 0.598240 0.598633 0.608504 0.598633 0.629032 0.601562 0.621701 0.604492 0.639296 0.606445 0.639296 0.601562 0.617302 0.599609 0.589443
0 0.661133 0.574780 0.664062 0.592375 0.666992 0.587977
0 0.632812 0.565982 0.635742 0.579179 0.636719 0.574780 0.638672 0.577713 0.638672 0.567449 0.636719 0.565982 0.635742 0.574780
0 0.651367 0.533724 0.660156 0.570381 0.663086 0.565982 0.662109 0.561584 0.660156 0.565982 0.654297 0.545455 0.656250 0.542522
0 0.633789 0.511730 0.632812 0.526393 0.635742 0.521994 0.638672 0.526393 0.632812 0.533724 0.628906 0.532258 0.628906 0.529326 0.632812 0.539589 0.635742 0.535191 0.639648 0.543988 0.641602 0.573314 0.643555 0.570381 0.641602 0.564516 0.645508 0.558651 0.651367 0.567449 0.648438 0.574780 0.652344 0.574780 0.654297 0.583578 0.652344 0.587977 0.655273 0.593842 0.646484 0.548387
0 0.624023 0.500000 0.626953 0.505865 0.631836 0.504399 0.627930 0.495601
0 0.656250 0.429619 0.655273 0.434018 0.648438 0.435484 0.654297 0.451613 0.655273 0.444282 0.660156 0.453079 0.660156 0.458944 0.656250 0.454545 0.656250 0.464809 0.662109 0.466276 0.671875 0.491202 0.670898 0.500000 0.678711 0.511730 0.675781 0.513196 0.678711 0.521994 0.682617 0.520528 0.689453 0.542522 0.695312 0.542522 0.691406 0.549853 0.694336 0.546921 0.696289 0.551320 0.695312 0.558651 0.692383 0.555718 0.698242 0.574780 0.696289 0.596774 0.698242 0.602639 0.701172 0.596774 0.704102 0.608504 0.703125 0.623167 0.701172 0.614370 0.703125 0.639296 0.709961 0.626100 0.708984 0.612903 0.713867 0.607038 0.713867 0.596774 0.717773 0.599707 0.714844 0.615836 0.718750 0.607038 0.711914 0.567449 0.708008 0.560117 0.707031 0.565982 0.709961 0.567449 0.712891 0.580645 0.709961 0.580645 0.710938 0.586510 0.707031 0.589443 0.704102 0.586510 0.703125 0.560117 0.700195 0.557185 0.701172 0.543988 0.699219 0.542522 0.698242 0.546921 0.690430 0.527859 0.691406 0.517595 0.694336 0.516129 0.699219 0.530792 0.696289 0.535191 0.702148 0.536657 0.705078 0.555718 0.708984 0.557185 0.698242 0.520528 0.677734 0.467742 0.673828 0.464809 0.678711 0.476540 0.675781 0.480938 0.669922 0.460411 0.663086 0.456012 0.663086 0.448680 0.659180 0.441349 0.663086 0.441349 0.666992 0.448680
0 0.676758 0.369501 0.680664 0.385630 0.675781 0.385630 0.684570 0.388563 0.683594 0.395894 0.701172 0.413490 0.698242 0.416422 0.692383 0.410557 0.712891 0.445748 0.725586 0.480938 0.731445 0.489736 0.726562 0.460411 0.711914 0.435484 0.712891 0.429619 0.717773 0.438416 0.716797 0.426686 0.698242 0.395894 0.701172 0.392962 0.706055 0.398827 0.688477 0.373900 0.687500 0.379765
0 0.233398 0.129032 0.558594 0.127566 0.235352 0.126100