0 0.533203 0.821114 0.525391 0.837243 0.521484 0.859238 0.516602 0.865103 0.515625 0.881232 0.481445 0.995601 0.490234 0.997067 0.494141 0.982405 0.499023 0.976540 0.500000 0.963343 0.509766 0.931085 0.514648 0.923754 0.514648 0.910557 0.530273 0.850440
0 0.559570 0.788856 0.546875 0.831378 0.543945 0.863636 0.554688 0.834311 0.559570 0.806452
0 0.306641 0.593842 0.297852 0.598240 0.296875 0.612903 0.289062 0.629032 0.265625 0.731672 0.250977 0.768328 0.247070 0.787390 0.242188 0.793255 0.234375 0.819648 0.225586 0.837243 0.226562 0.843109 0.230469 0.843109 0.249023 0.810850 0.249023 0.803519 0.258789 0.787390 0.280273 0.731672 0.280273 0.724340 0.295898 0.678886 0.296875 0.662757 0.311523 0.608504 0.311523 0.601173
0 0.387695 0.583578 0.382812 0.587977 0.378906 0.607038 0.375000 0.661290 0.367188 0.699413 0.359375 0.763930 0.371094 0.731672 0.386719 0.651026 0.390625 0.601173
0 0.439453 0.517595 0.428711 0.521994 0.422852 0.535191 0.421875 0.567449 0.416992 0.598240 0.418945 0.601173 0.414062 0.630499 0.412109 0.674487 0.406250 0.697947 0.406250 0.717009 0.398438 0.744868 0.396484 0.763930 0.391602 0.774194 0.390625 0.788856 0.375977 0.832845 0.375000 0.844575 0.359375 0.884164 0.351562 0.917889 0.371094 0.882698 0.384766 0.841642 0.389648 0.835777 0.389648 0.826979 0.405273 0.784457 0.406250 0.771261 0.420898 0.719941 0.428711 0.664223 0.436523 0.631965 0.436523 0.602639 0.445312 0.523460
0 0.529297 0.464809 0.526367 0.466276 0.525391 0.483871 0.528320 0.502933 0.526367 0.519062 0.528320 0.520528 0.529297 0.614370 0.531250 0.614370 0.537109 0.558651 0.536133 0.473607 0.534180 0.466276
0 0.569336 0.372434 0.563477 0.381232 0.563477 0.397361 0.571289 0.442815 0.576172 0.524927 0.578125 0.526393 0.578125 0.612903 0.580078 0.615836 0.585938 0.601173 0.586914 0.554252 0.590820 0.530792 0.589844 0.492669 0.587891 0.491202 0.583008 0.394428 0.577148 0.372434
0 0.646484 0.274194 0.643555 0.278592 0.643555 0.288856 0.649414 0.306452 0.657227 0.365103 0.665039 0.395894 0.666992 0.420821 0.670898 0.429619 0.670898 0.387097 0.664062 0.334311 0.659180 0.322581 0.652344 0.282991
0 0.671875 0.189150 0.666992 0.196481 0.666992 0.208211 0.671875 0.222874 0.672852 0.237537 0.687500 0.280059 0.688477 0.294721 0.703125 0.348974 0.707031 0.392962 0.714844 0.417889 0.717773 0.394428 0.702148 0.287390 0.679688 0.202346
0 0.721680 0.035191 0.718750 0.039589 0.719727 0.049853 0.734375 0.080645 0.734375 0.087977 0.745117 0.115836 0.750000 0.121701 0.750977 0.131965 0.765625 0.164223 0.765625 0.171554 0.781250 0.211144 0.789062 0.241935 0.793945 0.249267 0.786133 0.206745 0.781250 0.195015 0.780273 0.180352 0.772461 0.162757 0.767578 0.140762 0.764648 0.139296 0.764648 0.129032 0.750000 0.096774 0.742188 0.070381 0.734375 0.057185 0.733398 0.048387 0.726562 0.035191
0 0.745117 0.000000 0.750977 0.017595 0.759766 0.029326 0.766602 0.049853 0.778320 0.070381 0.782227 0.087977 0.787109 0.093842 0.804688 0.148094 0.812500 0.162757 0.811523 0.140762 0.792969 0.085044 0.784180 0.068915 0.780273 0.051320 0.768555 0.030792 0.757812 0.001466