0 0.559570 0.922287 0.562500 0.953079 0.572266 0.980938 0.573242 0.994135 0.583008 0.997067 0.578125 0.988270 0.577148 0.973607 0.567383 0.938416
0 0.332031 0.841642 0.329102 0.859238 0.343750 0.903226 0.344727 0.917889 0.349609 0.926686 0.351562 0.951613 0.359375 0.967742 0.360352 0.980938 0.365234 0.995601 0.380859 0.995601 0.379883 0.982405 0.375000 0.975073 0.374023 0.963343 0.369141 0.953079 0.368164 0.935484 0.359375 0.914956 0.355469 0.888563 0.342773 0.851906
0 0.390625 0.803519 0.390625 0.813783 0.406250 0.851906 0.410156 0.872434 0.421875 0.901760 0.422852 0.913490 0.427734 0.920821 0.441406 0.976540 0.444336 0.978006 0.448242 0.995601 0.455078 0.995601 0.442383 0.944282 0.437500 0.936950 0.426758 0.892962 0.420898 0.881232 0.420898 0.873900 0.412109 0.857771 0.402344 0.821114
0 0.515625 0.793255 0.516602 0.807918 0.531250 0.846041 0.532227 0.859238 0.535156 0.860704 0.538086 0.873900 0.548828 0.895894 0.545898 0.865103 0.541016 0.857771 0.530273 0.818182
0 0.638672 0.731672 0.651367 0.778592 0.680664 0.863636 0.709961 0.975073 0.712891 0.975073 0.715820 0.964809 0.714844 0.948680 0.706055 0.928152 0.702148 0.907625 0.693359 0.890029 0.683594 0.837243 0.655273 0.765396 0.655273 0.758065
0 0.375977 0.621701 0.375977 0.665689 0.385742 0.696481 0.390625 0.700880 0.391602 0.709677 0.403320 0.733138 0.416992 0.777126 0.421875 0.781525 0.422852 0.791789 0.437500 0.821114 0.438477 0.831378 0.453125 0.869501 0.454102 0.881232 0.468750 0.916422 0.472656 0.942815 0.484375 0.969208 0.490234 0.995601 0.499023 0.998534 0.509766 0.994135 0.507812 0.978006 0.484375 0.904692 0.481445 0.884164 0.473633 0.860704 0.467773 0.853372 0.467773 0.844575 0.452148 0.806452 0.452148 0.797654 0.446289 0.787390 0.445312 0.775660 0.437500 0.763930 0.433594 0.747801 0.428711 0.743402 0.423828 0.724340 0.406250 0.686217 0.405273 0.677419 0.397461 0.665689 0.395508 0.653959 0.383789 0.636364 0.379883 0.620235
0 0.434570 0.601173 0.437500 0.623167 0.468750 0.686217 0.468750 0.693548 0.484375 0.722874 0.485352 0.731672 0.494141 0.747801 0.500977 0.769795 0.514648 0.790323 0.508789 0.762463 0.499023 0.740469 0.499023 0.733138 0.474609 0.677419 0.468750 0.670088 0.465820 0.658358 0.453125 0.636364 0.452148 0.629032
0 0.391602 0.516129 0.391602 0.529326 0.396484 0.535191 0.404297 0.557185 0.421875 0.589443 0.428711 0.595308 0.428711 0.582111 0.423828 0.570381 0.413086 0.554252 0.402344 0.526393
0 0.410156 0.419355 0.410156 0.460411 0.435547 0.494135 0.447266 0.517595 0.448242 0.524927 0.461914 0.549853 0.469727 0.580645 0.477539 0.587977 0.491211 0.623167 0.500000 0.634897 0.515625 0.674487 0.531250 0.700880 0.532227 0.712610 0.562500 0.781525 0.562500 0.788856 0.579102 0.840176 0.593750 0.872434 0.593750 0.881232 0.599609 0.892962 0.610352 0.942815 0.625000 0.985337 0.625000 0.995601 0.648438 0.994135 0.639648 0.976540 0.639648 0.967742 0.630859 0.947214 0.624023 0.903226 0.619141 0.895894 0.618164 0.884164 0.608398 0.859238 0.608398 0.850440 0.603516 0.843109 0.590820 0.799120 0.581055 0.778592 0.577148 0.758065 0.562500 0.727273 0.542969 0.673021 0.515625 0.614370 0.514648 0.605572 0.508789 0.599707 0.483398 0.543988 0.467773 0.519062 0.467773 0.511730 0.428711 0.448680 0.417969 0.419355
0 0.419922 0.328446 0.424805 0.346041 0.437500 0.363636 0.438477 0.369501 0.445312 0.373900 0.448242 0.382698 0.468750 0.409091 0.469727 0.416422 0.474609 0.417889 0.485352 0.436950 0.492188 0.441349 0.500977 0.463343 0.504883 0.464809 0.540039 0.521994 0.541992 0.530792 0.546875 0.535191 0.546875 0.542522 0.571289 0.583578 0.588867 0.624633 0.600586 0.640762 0.609375 0.662757 0.609375 0.671554 0.625000 0.700880 0.625977 0.708211 0.632812 0.712610 0.617188 0.664223 0.603516 0.642229 0.574219 0.570381 0.562500 0.554252 0.561523 0.545455 0.542969 0.511730 0.531250 0.495601 0.514648 0.461877 0.492188 0.429619 0.489258 0.419355 0.484375 0.416422 0.480469 0.404692 0.469727 0.394428 0.443359 0.348974 0.438477 0.347507 0.436523 0.340176 0.426758 0.328446
0 0.425781 0.199413 0.424805 0.219941 0.429688 0.237537 0.436523 0.241935 0.438477 0.249267 0.466797 0.287390 0.468750 0.294721 0.484375 0.315249 0.495117 0.341642 0.559570 0.442815 0.566406 0.463343 0.570312 0.464809 0.579102 0.486804 0.583984 0.489736 0.593750 0.514663 0.600586 0.521994 0.603516 0.533724 0.609375 0.541056 0.610352 0.549853 0.640625 0.605572 0.641602 0.614370 0.668945 0.668622 0.671875 0.683284 0.703125 0.762463 0.722656 0.831378 0.726562 0.834311 0.730469 0.819648 0.730469 0.803519 0.726562 0.785924 0.717773 0.768328 0.717773 0.758065 0.712891 0.750733 0.697266 0.699413 0.690430 0.689150 0.680664 0.653959 0.666016 0.620235 0.656250 0.585044 0.655273 0.570381 0.632812 0.521994 0.624023 0.510264 0.624023 0.504399 0.619141 0.500000 0.617188 0.489736 0.608398 0.478006 0.592773 0.442815 0.572266 0.416422 0.564453 0.395894 0.545898 0.369501 0.539062 0.353372 0.532227 0.348974 0.530273 0.340176 0.526367 0.338710 0.508789 0.306452 0.485352 0.277126 0.467773 0.246334 0.454102 0.234604 0.431641 0.199413
0 0.459961 0.164223 0.468750 0.178886 0.489258 0.197947 0.500977 0.218475 0.520508 0.239003 0.538086 0.265396 0.554688 0.281525 0.562500 0.293255 0.562500 0.299120 0.570312 0.304985 0.579102 0.322581 0.585938 0.326979 0.603516 0.353372 0.610352 0.369501 0.614258 0.370968 0.647461 0.423754 0.666992 0.463343 0.671875 0.466276 0.672852 0.476540 0.687500 0.498534 0.688477 0.505865 0.700195 0.523460 0.712891 0.557185 0.727539 0.583578 0.744141 0.627566 0.747070 0.629032 0.760742 0.671554 0.765625 0.677419 0.766602 0.689150 0.780273 0.718475 0.783203 0.702346 0.780273 0.684751 0.764648 0.655425 0.758789 0.634897 0.752930 0.627566 0.749023 0.609971 0.744141 0.604106 0.737305 0.583578 0.733398 0.580645 0.733398 0.573314 0.696289 0.494135 0.690430 0.488270 0.686523 0.473607 0.670898 0.448680 0.670898 0.442815 0.656250 0.425220 0.645508 0.400293 0.567383 0.281525 0.556641 0.272727 0.543945 0.250733 0.532227 0.240469 0.489258 0.186217 0.462891 0.161290
0 0.421875 0.123167 0.424805 0.136364 0.440430 0.151026 0.450195 0.153959 0.449219 0.146628 0.436523 0.129032 0.426758 0.121701
0 0.562500 0.065982 0.640625 0.162757 0.655273 0.174487 0.657227 0.181818 0.664062 0.186217 0.691406 0.228739 0.717773 0.258065 0.724609 0.275660 0.772461 0.348974 0.791992 0.390029 0.819336 0.432551 0.817383 0.414956 0.802734 0.392962 0.795898 0.372434 0.788086 0.365103 0.774414 0.334311 0.764648 0.322581 0.757812 0.306452 0.750000 0.299120 0.743164 0.280059 0.722656 0.255132 0.695312 0.209677 0.657227 0.164223 0.655273 0.156891 0.641602 0.145161 0.621094 0.118768 0.613281 0.114370 0.608398 0.104106
0 0.755859 0.058651 0.756836 0.065982 0.772461 0.089443 0.805664 0.127566 0.835938 0.173021 0.837891 0.171554 0.833984 0.140762 0.807617 0.112903 0.795898 0.095308 0.791016 0.093842 0.775391 0.071848 0.769531 0.070381 0.758789 0.057185
0 0.696289 0.000000 0.732422 0.041056 0.740234 0.041056 0.733398 0.024927 0.711914 0.000000
0 0.600586 0.000000 0.620117 0.021994 0.624023 0.021994 0.641602 0.045455 0.645508 0.045455 0.661133 0.061584 0.687500 0.096774 0.702148 0.108504 0.704102 0.115836 0.726562 0.139296 0.735352 0.158358 0.742188 0.162757 0.753906 0.183284 0.774414 0.208211 0.794922 0.240469 0.797852 0.252199 0.802734 0.255132 0.801758 0.234604 0.795898 0.218475 0.795898 0.209677 0.785156 0.197947 0.762695 0.161290 0.750977 0.149560 0.749023 0.142229 0.741211 0.137830 0.710938 0.095308 0.704102 0.093842 0.702148 0.086510 0.670898 0.048387 0.657227 0.038123 0.648438 0.023460 0.641602 0.019062 0.639648 0.011730 0.625000 0.000000 0.622070 0.004399 0.616211 0.000000
0 0.416992 0.001466 0.421875 0.027859 0.436523 0.038123 0.454102 0.060117 0.467773 0.070381 0.482422 0.092375 0.497070 0.104106 0.503906 0.115836 0.567383 0.187683 0.592773 0.221408 0.594727 0.228739 0.605469 0.239003 0.609375 0.249267 0.617188 0.256598 0.660156 0.324047 0.680664 0.348974 0.687500 0.369501 0.731445 0.445748 0.735352 0.458944 0.743164 0.469208 0.750000 0.488270 0.765625 0.516129 0.776367 0.545455 0.780273 0.548387 0.781250 0.511730 0.777344 0.489736 0.773438 0.488270 0.759766 0.463343 0.754883 0.447214 0.749023 0.439883 0.749023 0.434018 0.736328 0.417889 0.726562 0.395894 0.706055 0.365103 0.695312 0.340176 0.677734 0.318182 0.673828 0.303519 0.656250 0.280059 0.655273 0.274194 0.629883 0.236070 0.625977 0.234604 0.605469 0.199413 0.575195 0.164223 0.555664 0.133431 0.540039 0.117302 0.535156 0.117302 0.513672 0.093842 0.493164 0.063050 0.478516 0.057185 0.466797 0.046921 0.426758 0.000000