0 0.827148 0.907625 0.824219 0.912023 0.825195 0.916422 0.828125 0.913490
0 0.613281 0.875367 0.613281 0.879765 0.617188 0.878299
0 0.202148 0.853372 0.195312 0.857771 0.198242 0.859238
0 0.625000 0.848974 0.620117 0.854839 0.624023 0.856305 0.621094 0.862170 0.622070 0.868035 0.628906 0.860704
0 0.857422 0.847507 0.854492 0.854839 0.858398 0.851906
0 0.867188 0.828446 0.864258 0.835777 0.867188 0.834311
0 0.641602 0.822581 0.634766 0.829912 0.635742 0.835777 0.640625 0.829912
0 0.217773 0.821114 0.212891 0.826979 0.216797 0.829912
0 0.875977 0.796188 0.875000 0.804985 0.878906 0.800587
0 0.658203 0.796188 0.655273 0.803519 0.658203 0.802053
0 0.218750 0.796188 0.208984 0.802053 0.209961 0.813783 0.215820 0.812317
0 0.429688 0.793255 0.425781 0.796188 0.425781 0.800587 0.430664 0.799120
0 0.893555 0.790323 0.888672 0.796188 0.891602 0.796188
0 0.654297 0.788856 0.647461 0.794721 0.648438 0.803519 0.649414 0.794721
0 0.407227 0.788856 0.409180 0.794721 0.414062 0.793255 0.410156 0.785924
0 0.225586 0.781525 0.222656 0.781525 0.222656 0.793255 0.226562 0.785924
0 0.441406 0.763930 0.437500 0.760997 0.434570 0.766862 0.438477 0.768328
0 0.667969 0.760997 0.664062 0.759531 0.660156 0.768328 0.663086 0.769795
0 0.915039 0.744868 0.911133 0.746334 0.911133 0.750733 0.915039 0.750733
0 0.226562 0.737537 0.221680 0.739003 0.221680 0.750733 0.224609 0.750733
0 0.641602 0.724340 0.637695 0.725806 0.637695 0.736070 0.642578 0.733138
0 0.442383 0.717009 0.440430 0.721408 0.437500 0.718475 0.431641 0.725806 0.433594 0.736070 0.436523 0.736070
0 0.928711 0.711144 0.928711 0.718475 0.935547 0.718475 0.935547 0.711144
0 0.233398 0.706745 0.225586 0.712610 0.227539 0.719941 0.233398 0.714076
0 0.640625 0.702346 0.641602 0.711144 0.645508 0.706745
0 0.421875 0.700880 0.416992 0.703812 0.416992 0.708211 0.420898 0.709677
0 0.928711 0.684751 0.925781 0.693548 0.930664 0.696481 0.933594 0.693548 0.933594 0.686217
0 0.242188 0.681818 0.237305 0.683284 0.237305 0.690616
0 0.948242 0.668622 0.945312 0.668622 0.943359 0.674487 0.947266 0.674487
0 0.643555 0.667155 0.642578 0.675953 0.647461 0.681818 0.651367 0.673021
0 0.204102 0.667155 0.203125 0.681818 0.206055 0.683284 0.208984 0.680352 0.209961 0.670088
0 0.709961 0.665689 0.706055 0.674487 0.711914 0.673021
0 0.242188 0.655425 0.235352 0.661290 0.237305 0.667155 0.242188 0.664223
0 0.668945 0.642229 0.665039 0.645161 0.666016 0.649560 0.669922 0.646628
0 0.252930 0.633431 0.250000 0.633431 0.249023 0.639296 0.250977 0.646628 0.253906 0.642229
0 0.442383 0.627566 0.437500 0.634897 0.439453 0.639296 0.443359 0.634897
0 0.458008 0.621701 0.453125 0.623167 0.451172 0.631965 0.458008 0.629032
0 0.195312 0.618768 0.199219 0.621701 0.199219 0.617302
0 0.219727 0.615836 0.215820 0.621701 0.217773 0.630499 0.221680 0.623167
0 0.959961 0.602639 0.953125 0.608504 0.953125 0.614370 0.958984 0.612903
0 0.265625 0.599707 0.262695 0.599707 0.260742 0.605572 0.261719 0.612903 0.264648 0.611437
0 0.688477 0.590909 0.687500 0.599707 0.690430 0.596774
0 0.468750 0.582111 0.465820 0.583578 0.466797 0.590909
0 0.282227 0.580645 0.275391 0.583578 0.274414 0.587977 0.277344 0.590909
0 0.702148 0.574780 0.699219 0.573314 0.697266 0.580645 0.702148 0.579179
0 0.732422 0.573314 0.728516 0.571848 0.725586 0.576246 0.726562 0.580645 0.730469 0.580645
0 0.748047 0.563050 0.744141 0.564516 0.744141 0.573314 0.749023 0.568915
0 0.512695 0.558651 0.507812 0.568915 0.509766 0.570381 0.514648 0.563050
0 0.265625 0.558651 0.257812 0.567449 0.257812 0.579179 0.264648 0.577713
0 0.755859 0.551320 0.750977 0.554252 0.754883 0.555718
0 0.703125 0.536657 0.704102 0.546921 0.706055 0.541056
0 0.207031 0.536657 0.206055 0.542522 0.208984 0.543988 0.209961 0.538123
0 0.748047 0.533724 0.744141 0.538123 0.745117 0.543988 0.749023 0.539589
0 0.773438 0.514663 0.769531 0.526393 0.776367 0.520528
0 0.276367 0.513196 0.273438 0.516129 0.274414 0.526393 0.268555 0.532258 0.272461 0.538123 0.278320 0.526393
0 0.725586 0.494135 0.721680 0.497067 0.722656 0.501466 0.725586 0.500000
0 0.749023 0.486804 0.746094 0.486804 0.745117 0.492669
0 0.478516 0.482405 0.476562 0.494135 0.480469 0.497067 0.483398 0.486804
0 0.789062 0.479472 0.790039 0.485337 0.792969 0.483871
0 0.783203 0.480938 0.780273 0.479472 0.777344 0.485337 0.780273 0.488270
0 0.295898 0.476540 0.291016 0.480938 0.291016 0.486804 0.294922 0.485337
0 0.729492 0.461877 0.728516 0.467742 0.732422 0.470674 0.733398 0.461877
0 0.478516 0.464809 0.481445 0.475073 0.487305 0.475073 0.488281 0.470674 0.483398 0.461877
0 0.265625 0.453079 0.261719 0.456012 0.262695 0.463343 0.265625 0.460411
0 0.564453 0.451613 0.563477 0.454545 0.566406 0.456012 0.567383 0.451613
0 0.806641 0.447214 0.802734 0.447214 0.799805 0.456012 0.805664 0.456012
0 0.548828 0.447214 0.541992 0.454545 0.544922 0.458944
0 0.522461 0.444282 0.517578 0.447214 0.518555 0.456012 0.523438 0.453079
0 0.808594 0.439883 0.813477 0.441349 0.813477 0.436950
0 0.307617 0.434018 0.302734 0.435484 0.302734 0.445748 0.306641 0.444282
0 0.815430 0.419355 0.808594 0.428152 0.811523 0.429619
0 0.291016 0.419355 0.286133 0.419355 0.284180 0.423754 0.288086 0.426686
0 0.321289 0.413490 0.317383 0.419355 0.321289 0.417889
0 0.501953 0.410557 0.504883 0.419355 0.509766 0.417889 0.508789 0.407625
0 0.305664 0.404692 0.301758 0.409091 0.300781 0.417889 0.305664 0.416422 0.307617 0.410557
0 0.801758 0.387097 0.793945 0.388563 0.791016 0.397361 0.794922 0.401760 0.798828 0.398827
0 0.295898 0.382698 0.291016 0.388563 0.293945 0.397361 0.298828 0.387097
0 0.322266 0.378299 0.319336 0.379765 0.317383 0.390029 0.323242 0.385630
0 0.334961 0.376833 0.332031 0.378299 0.332031 0.384164 0.334961 0.382698
0 0.585938 0.365103 0.580078 0.370968 0.583984 0.373900 0.586914 0.369501
0 0.506836 0.362170 0.505859 0.368035 0.508789 0.369501 0.510742 0.365103
0 0.533203 0.353372 0.530273 0.353372 0.527344 0.360704 0.530273 0.369501 0.535156 0.360704
0 0.851562 0.350440 0.848633 0.350440 0.846680 0.356305 0.849609 0.357771
0 0.816406 0.350440 0.812500 0.353372 0.813477 0.365103 0.817383 0.365103 0.819336 0.359238
0 0.596680 0.332845 0.599609 0.334311 0.605469 0.328446 0.597656 0.326979
0 0.549805 0.326979 0.546875 0.328446 0.547852 0.332845
0 0.524414 0.326979 0.517578 0.328446 0.519531 0.341642 0.523438 0.338710 0.526367 0.329912
0 0.332031 0.324047 0.330078 0.329912 0.333984 0.332845 0.334961 0.324047
0 0.566406 0.299120 0.563477 0.300587 0.564453 0.304985
0 0.325195 0.290323 0.322266 0.293255 0.324219 0.300587 0.327148 0.297654
0 0.355469 0.281525 0.348633 0.282991 0.348633 0.288856 0.352539 0.288856
0 0.641602 0.266862 0.641602 0.271261 0.645508 0.269795 0.645508 0.265396
0 0.574219 0.259531 0.568359 0.266862 0.569336 0.278592 0.572266 0.280059 0.577148 0.278592 0.578125 0.265396
0 0.349609 0.256598 0.342773 0.256598 0.342773 0.269795
0 0.367188 0.249267 0.362305 0.250733 0.360352 0.260997 0.367188 0.253666
0 0.369141 0.231672 0.370117 0.236070 0.373047 0.234604 0.373047 0.230205
0 0.338867 0.230205 0.334961 0.228739 0.332031 0.234604 0.335938 0.236070
0 0.544922 0.215543 0.541992 0.224340 0.544922 0.224340
0 0.631836 0.212610 0.637695 0.219941 0.643555 0.214076 0.637695 0.206745
0 0.385742 0.195015 0.380859 0.197947 0.380859 0.205279 0.385742 0.202346
0 0.649414 0.190616 0.642578 0.199413 0.643555 0.205279 0.648438 0.203812 0.648438 0.196481 0.651367 0.195015
0 0.399414 0.190616 0.394531 0.196481 0.396484 0.197947
0 0.583984 0.187683 0.579102 0.189150 0.575195 0.199413 0.578125 0.211144 0.583984 0.208211 0.583008 0.200880 0.585938 0.196481
0 0.361328 0.161290 0.359375 0.170088 0.362305 0.168622
0 0.417969 0.156891 0.415039 0.158358 0.416016 0.162757
0 0.563477 0.129032 0.562500 0.136364 0.566406 0.137830 0.567383 0.130499
0 0.583984 0.093842 0.584961 0.104106 0.588867 0.102639 0.586914 0.101173 0.588867 0.093842
0 0.154297 0.093842 0.151367 0.093842 0.150391 0.104106 0.153320 0.102639
0 0.423828 0.079179 0.416016 0.083578 0.414062 0.090909 0.407227 0.095308 0.405273 0.101173 0.414062 0.107038
0 0.152344 0.080645 0.149414 0.077713 0.147461 0.086510