0 0.775391 0.995601 0.780273 0.998534 0.778320 0.992669
0 0.819336 0.872434 0.807617 0.884164 0.803711 0.895894 0.796875 0.903226 0.791016 0.914956 0.790039 0.925220 0.769531 0.931085 0.766602 0.939883 0.769531 0.957478 0.758789 0.985337 0.761719 0.985337 0.768555 0.972141 0.776367 0.966276 0.780273 0.970674 0.786133 0.964809 0.784180 0.954545 0.788086 0.948680 0.787109 0.939883 0.790039 0.931085 0.792969 0.929619 0.795898 0.916422 0.801758 0.910557 0.799805 0.906158 0.802734 0.898827 0.809570 0.891496 0.812500 0.894428 0.821289 0.881232
0 0.878906 0.774194 0.877930 0.782991 0.880859 0.782991 0.881836 0.774194
0 0.933594 0.700880 0.929688 0.700880 0.927734 0.706745 0.930664 0.708211
0 0.933594 0.658358 0.922852 0.667155 0.912109 0.686217 0.907227 0.687683 0.905273 0.697947 0.890625 0.695015 0.887695 0.702346 0.890625 0.705279 0.891602 0.717009 0.875977 0.728739 0.880859 0.734604 0.876953 0.743402 0.869141 0.747801 0.862305 0.746334 0.861328 0.739003 0.864258 0.736070 0.862305 0.733138 0.851562 0.746334 0.851562 0.759531 0.858398 0.753666 0.860352 0.763930 0.856445 0.769795 0.855469 0.781525 0.849609 0.785924 0.846680 0.780059 0.849609 0.787390 0.843750 0.791789 0.843750 0.800587 0.847656 0.796188 0.858398 0.796188 0.860352 0.780059 0.870117 0.769795 0.875000 0.772727 0.876953 0.758065 0.879883 0.755132 0.878906 0.741935 0.893555 0.740469 0.895508 0.746334 0.905273 0.737537 0.902344 0.731672 0.903320 0.724340 0.912109 0.718475 0.913086 0.703812 0.920898 0.696481 0.922852 0.686217 0.930664 0.680352 0.924805 0.671554
0 0.891602 0.653959 0.891602 0.659824 0.903320 0.661290 0.906250 0.656891 0.906250 0.652493
0 0.973633 0.640762 0.967773 0.649560 0.963867 0.649560 0.961914 0.656891 0.957031 0.658358 0.957031 0.665689 0.962891 0.656891 0.967773 0.659824 0.973633 0.648094
0 0.662109 0.640762 0.657227 0.640762 0.659180 0.651026 0.656250 0.652493 0.653320 0.665689 0.646484 0.664223 0.647461 0.675953 0.642578 0.684751 0.639648 0.683284 0.639648 0.675953 0.635742 0.677419 0.638672 0.695015 0.634766 0.703812 0.628906 0.697947 0.628906 0.717009 0.620117 0.721408 0.622070 0.733138 0.619141 0.741935 0.610352 0.739003 0.610352 0.753666 0.603516 0.755132 0.607422 0.756598 0.607422 0.765396 0.602539 0.771261 0.599609 0.768328 0.593750 0.771261 0.590820 0.784457 0.593750 0.796188 0.584961 0.803519 0.586914 0.810850 0.583008 0.815249 0.578125 0.813783 0.583008 0.804985 0.576172 0.812317 0.578125 0.829912 0.574219 0.837243 0.572266 0.831378 0.568359 0.835777 0.573242 0.837243 0.568359 0.848974 0.560547 0.844575 0.556641 0.850440 0.556641 0.857771 0.559570 0.857771 0.562500 0.848974 0.566406 0.851906 0.560547 0.872434 0.571289 0.857771 0.580078 0.832845 0.585938 0.826979 0.592773 0.810850 0.593750 0.799120 0.602539 0.787390 0.650391 0.674487 0.655273 0.670088 0.659180 0.653959 0.664062 0.648094
0 0.953125 0.633431 0.941406 0.640762 0.941406 0.646628
0 0.291016 0.607038 0.284180 0.624633 0.287109 0.624633
0 0.687500 0.592375 0.680664 0.598240 0.681641 0.607038 0.677734 0.607038 0.676758 0.611437 0.673828 0.607038 0.669922 0.609971 0.671875 0.627566 0.668945 0.629032 0.666992 0.637830 0.670898 0.636364 0.671875 0.626100 0.679688 0.615836 0.681641 0.607038 0.686523 0.604106
0 0.989258 0.583578 0.985352 0.586510 0.988281 0.595308 0.984375 0.604106 0.972656 0.614370 0.986328 0.618768 0.984375 0.614370 0.989258 0.605572
0 0.696289 0.579179 0.690430 0.582111 0.688477 0.589443 0.692383 0.589443
0 0.692383 0.567449 0.687500 0.568915 0.688477 0.576246 0.692383 0.573314
0 0.989258 0.558651 0.984375 0.560117 0.975586 0.576246 0.983398 0.580645 0.983398 0.568915 0.989258 0.563050
0 0.086914 0.546921 0.085938 0.551320 0.079102 0.549853 0.073242 0.567449 0.075195 0.573314 0.073242 0.580645 0.078125 0.582111 0.078125 0.589443 0.072266 0.598240 0.071289 0.590909 0.067383 0.605572 0.061523 0.604106 0.059570 0.590909 0.056641 0.593842 0.055664 0.605572 0.059570 0.609971 0.059570 0.618768 0.060547 0.614370 0.062500 0.615836 0.062500 0.627566 0.057617 0.639296 0.050781 0.624633 0.047852 0.630499 0.047852 0.642229 0.052734 0.637830 0.059570 0.648094 0.055664 0.652493 0.052734 0.645161 0.050781 0.649560 0.052734 0.656891 0.049805 0.661290 0.044922 0.652493 0.043945 0.667155 0.046875 0.662757 0.047852 0.673021 0.041992 0.671554 0.041016 0.683284 0.046875 0.699413 0.042969 0.705279 0.038086 0.696481 0.035156 0.700880 0.034180 0.714076 0.041016 0.721408 0.041016 0.725806 0.037109 0.733138 0.039062 0.744868 0.031250 0.756598 0.029297 0.750733 0.025391 0.765396 0.029297 0.768328 0.028320 0.788856 0.041016 0.782991 0.045898 0.768328 0.049805 0.733138 0.054688 0.721408 0.062500 0.667155 0.068359 0.648094 0.067383 0.640762 0.072266 0.629032 0.072266 0.621701 0.068359 0.621701 0.067383 0.615836 0.077148 0.609971 0.078125 0.587977 0.083984 0.577713 0.085938 0.565982 0.083984 0.563050 0.087891 0.557185
0 0.620117 0.516129 0.619141 0.526393 0.625000 0.526393 0.625000 0.539589 0.632812 0.539589 0.636719 0.533724 0.636719 0.521994 0.627930 0.526393 0.624023 0.521994 0.624023 0.516129
0 0.087891 0.507331 0.084961 0.508798 0.081055 0.533724 0.078125 0.535191 0.079102 0.542522 0.083984 0.533724 0.087891 0.535191 0.087891 0.543988 0.092773 0.538123 0.095703 0.517595 0.087891 0.517595
0 0.689453 0.507331 0.684570 0.511730 0.681641 0.504399 0.677734 0.511730 0.672852 0.513196 0.678711 0.523460 0.674805 0.533724 0.679688 0.533724 0.682617 0.524927 0.687500 0.529326 0.689453 0.526393 0.687500 0.516129
0 0.061523 0.502933 0.052734 0.513196 0.047852 0.526393 0.046875 0.554252 0.039062 0.560117 0.032227 0.574780 0.034180 0.582111 0.031250 0.590909 0.032227 0.601173 0.038086 0.592375 0.042969 0.595308 0.048828 0.580645 0.048828 0.558651 0.052734 0.561584 0.056641 0.557185 0.055664 0.549853 0.062500 0.524927 0.059570 0.511730
0 0.734375 0.502933 0.725586 0.498534 0.728516 0.507331 0.727539 0.516129 0.723633 0.521994 0.719727 0.517595 0.713867 0.523460 0.715820 0.535191 0.708984 0.532258 0.709961 0.548387 0.703125 0.560117 0.700195 0.551320 0.698242 0.554252 0.700195 0.560117 0.698242 0.576246 0.702148 0.571848 0.703125 0.560117 0.710938 0.552786 0.717773 0.535191 0.733398 0.510264
0 0.099609 0.497067 0.094727 0.498534 0.093750 0.510264 0.098633 0.510264 0.101562 0.501466
0 0.670898 0.488270 0.666992 0.489736 0.664062 0.501466 0.657227 0.504399 0.653320 0.511730 0.656250 0.517595 0.656250 0.529326 0.647461 0.532258 0.649414 0.545455 0.643555 0.558651 0.637695 0.564516 0.633789 0.554252 0.621094 0.577713 0.612305 0.579179 0.609375 0.570381 0.603516 0.587977 0.598633 0.592375 0.588867 0.592375 0.593750 0.604106 0.588867 0.609971 0.587891 0.620235 0.593750 0.609971 0.598633 0.609971 0.599609 0.598240 0.604492 0.586510 0.608398 0.585044 0.612305 0.596774 0.593750 0.626100 0.593750 0.636364 0.585938 0.652493 0.581055 0.648094 0.583008 0.637830 0.576172 0.645161 0.575195 0.652493 0.578125 0.658358 0.576172 0.662757 0.578125 0.665689 0.583984 0.662757 0.586914 0.667155 0.584961 0.683284 0.572266 0.699413 0.570312 0.708211 0.565430 0.709677 0.563477 0.700880 0.556641 0.711144 0.553711 0.721408 0.546875 0.728739 0.545898 0.743402 0.538086 0.747801 0.534180 0.739003 0.525391 0.746334 0.521484 0.765396 0.524414 0.774194 0.515625 0.785924 0.509766 0.815249 0.524414 0.812317 0.526367 0.834311 0.530273 0.834311 0.540039 0.819648 0.540039 0.815249 0.536133 0.813783 0.536133 0.804985 0.546875 0.787390 0.549805 0.788856 0.549805 0.796188 0.553711 0.790323 0.559570 0.791789 0.570312 0.778592 0.568359 0.766862 0.577148 0.746334 0.577148 0.734604 0.583008 0.727273 0.583008 0.721408 0.587891 0.719941 0.587891 0.730205 0.590820 0.731672 0.602539 0.708211 0.603516 0.695015 0.592773 0.703812 0.586914 0.699413 0.592773 0.696481 0.592773 0.687683 0.596680 0.683284 0.595703 0.673021 0.601562 0.670088 0.605469 0.661290 0.605469 0.652493 0.612305 0.646628 0.610352 0.662757 0.622070 0.667155 0.626953 0.656891 0.624023 0.637830 0.627930 0.629032 0.637695 0.623167 0.648438 0.623167 0.650391 0.615836 0.645508 0.605572 0.655273 0.586510 0.653320 0.582111 0.657227 0.573314 0.667969 0.571848 0.670898 0.563050 0.670898 0.554252 0.665039 0.560117 0.656250 0.557185 0.666016 0.533724 0.659180 0.527859 0.664062 0.520528 0.665039 0.508798 0.668945 0.505865
0 0.658203 0.494135 0.654297 0.494135 0.649414 0.501466 0.643555 0.495601 0.646484 0.485337 0.641602 0.485337 0.638672 0.492669 0.641602 0.498534 0.640625 0.514663 0.650391 0.510264
0 0.405273 0.473607 0.401367 0.475073 0.401367 0.495601 0.405273 0.491202
0 0.712891 0.469208 0.706055 0.479472 0.712891 0.479472
0 0.664062 0.466276 0.660156 0.476540 0.665039 0.472141
0 0.757812 0.457478 0.752930 0.461877 0.751953 0.470674 0.744141 0.470674 0.743164 0.488270 0.746094 0.488270 0.754883 0.473607 0.755859 0.466276 0.758789 0.464809
0 0.389648 0.445748 0.382812 0.447214 0.383789 0.442815 0.381836 0.445748 0.375977 0.442815 0.375000 0.448680 0.369141 0.451613 0.362305 0.466276 0.358398 0.464809 0.361328 0.451613 0.354492 0.457478 0.355469 0.447214 0.350586 0.451613 0.350586 0.463343 0.343750 0.466276 0.343750 0.476540 0.337891 0.483871 0.334961 0.482405 0.333984 0.467742 0.337891 0.458944 0.335938 0.451613 0.331055 0.461877 0.332031 0.469208 0.328125 0.475073 0.328125 0.482405 0.319336 0.498534 0.312500 0.501466 0.313477 0.529326 0.326172 0.511730 0.330078 0.514663 0.334961 0.507331 0.340820 0.511730 0.338867 0.513196 0.340820 0.521994 0.348633 0.511730 0.349609 0.526393 0.344727 0.532258 0.343750 0.543988 0.338867 0.549853 0.337891 0.557185 0.332031 0.563050 0.332031 0.576246 0.319336 0.590909 0.318359 0.582111 0.325195 0.565982 0.325195 0.558651 0.319336 0.564516 0.314453 0.577713 0.311523 0.576246 0.314453 0.563050 0.309570 0.561584 0.309570 0.551320 0.301758 0.560117 0.296875 0.560117 0.294922 0.579179 0.296875 0.592375 0.299805 0.586510 0.311523 0.582111 0.311523 0.599707 0.318359 0.589443 0.320312 0.620235 0.308594 0.648094 0.303711 0.649560 0.297852 0.645161 0.295898 0.652493 0.289062 0.652493 0.282227 0.667155 0.279297 0.686217 0.284180 0.697947 0.277344 0.714076 0.272461 0.708211 0.266602 0.715543 0.263672 0.731672 0.271484 0.741935 0.271484 0.746334 0.260742 0.758065 0.256836 0.778592 0.250000 0.784457 0.251953 0.793255 0.278320 0.796188 0.280273 0.785924 0.278320 0.781525 0.272461 0.784457 0.271484 0.775660 0.282227 0.749267 0.287109 0.755132 0.284180 0.772727 0.295898 0.763930 0.295898 0.755132 0.299805 0.749267 0.296875 0.737537 0.302734 0.727273 0.306641 0.705279 0.311523 0.703812 0.316406 0.690616 0.321289 0.690616 0.327148 0.680352 0.327148 0.673021 0.333008 0.667155 0.333984 0.656891 0.328125 0.648094 0.331055 0.629032 0.336914 0.623167 0.337891 0.614370 0.345703 0.601173 0.342773 0.595308 0.343750 0.587977 0.349609 0.580645 0.358398 0.580645 0.358398 0.567449 0.353516 0.560117 0.358398 0.557185 0.366211 0.533724 0.374023 0.535191 0.374023 0.513196 0.379883 0.497067 0.374023 0.504399 0.372070 0.497067 0.375000 0.485337 0.386719 0.473607 0.380859 0.466276
0 0.728516 0.441349 0.722656 0.442815 0.721680 0.450147
0 0.078125 0.436950 0.073242 0.436950 0.066406 0.451613 0.068359 0.463343 0.062500 0.478006 0.062500 0.500000 0.067383 0.491202 0.067383 0.480938 0.074219 0.469208
0 0.117188 0.431085 0.109375 0.441349 0.109375 0.454545 0.100586 0.480938 0.102539 0.491202 0.108398 0.479472 0.108398 0.466276 0.114258 0.453079
0 0.781250 0.422287 0.774414 0.428152 0.768555 0.426686 0.766602 0.445748 0.770508 0.444282 0.775391 0.432551 0.780273 0.431085
0 0.348633 0.414956 0.344727 0.414956 0.338867 0.431085 0.341797 0.436950 0.345703 0.435484
0 0.376953 0.409091 0.373047 0.417889 0.377930 0.412023
0 0.791016 0.403226 0.784180 0.409091 0.787109 0.417889 0.792969 0.407625
0 0.791992 0.379765 0.796875 0.387097 0.796875 0.398827 0.808594 0.382698 0.808594 0.379765 0.794922 0.379765 0.793945 0.376833
0 0.433594 0.363636 0.425781 0.362170 0.417969 0.379765 0.415039 0.372434 0.410156 0.375367 0.409180 0.384164 0.413086 0.391496 0.410156 0.403226 0.417969 0.407625 0.418945 0.395894 0.416016 0.387097 0.421875 0.375367 0.427734 0.378299 0.434570 0.369501
0 0.139648 0.353372 0.130859 0.366569 0.131836 0.373900 0.128906 0.376833 0.128906 0.385630 0.125977 0.387097 0.125977 0.397361 0.129883 0.394428 0.129883 0.385630 0.136719 0.375367 0.136719 0.360704 0.139648 0.359238
0 0.827148 0.348974 0.823242 0.351906 0.821289 0.360704 0.818359 0.348974 0.813477 0.348974 0.815430 0.360704 0.809570 0.360704 0.812500 0.370968 0.817383 0.369501 0.827148 0.354839
0 0.412109 0.325513 0.406250 0.329912 0.406250 0.337243
0 0.152344 0.316716 0.146484 0.316716 0.145508 0.326979 0.140625 0.325513 0.144531 0.337243 0.148438 0.332845
0 0.130859 0.313783 0.123047 0.329912 0.125000 0.335777 0.132812 0.319648
0 0.764648 0.310850 0.754883 0.319648 0.750977 0.319648 0.743164 0.309384 0.737305 0.310850 0.731445 0.321114 0.737305 0.332845 0.734375 0.341642 0.728516 0.344575 0.726562 0.353372 0.707031 0.363636 0.704102 0.370968 0.706055 0.373900 0.709961 0.369501 0.713867 0.370968 0.704102 0.384164 0.707031 0.390029 0.705078 0.395894 0.701172 0.395894 0.700195 0.412023 0.686523 0.431085 0.678711 0.428152 0.666992 0.451613 0.666992 0.456012 0.670898 0.458944 0.670898 0.454545 0.676758 0.450147 0.674805 0.445748 0.682617 0.436950 0.687500 0.441349 0.678711 0.460411 0.678711 0.476540 0.683594 0.469208 0.679688 0.461877 0.684570 0.458944 0.686523 0.447214 0.692383 0.441349 0.696289 0.426686 0.705078 0.429619 0.708984 0.439883 0.715820 0.423754 0.708008 0.417889 0.717773 0.394428 0.717773 0.387097 0.724609 0.385630 0.735352 0.365103 0.738281 0.368035 0.735352 0.385630 0.740234 0.391496 0.740234 0.397361 0.732422 0.409091 0.731445 0.416422 0.734375 0.417889 0.741211 0.413490 0.749023 0.417889 0.748047 0.409091 0.757812 0.406158 0.754883 0.394428 0.761719 0.384164 0.762695 0.376833 0.766602 0.370968 0.771484 0.373900 0.778320 0.369501 0.775391 0.360704 0.777344 0.356305 0.754883 0.376833 0.749023 0.373900 0.750000 0.362170 0.746094 0.359238 0.747070 0.344575 0.751953 0.338710 0.755859 0.346041 0.760742 0.337243 0.764648 0.337243 0.765625 0.329912 0.762695 0.326979
0 0.712891 0.297654 0.707031 0.302053 0.702148 0.321114 0.696289 0.316716 0.688477 0.325513 0.680664 0.344575 0.684570 0.354839 0.690430 0.347507 0.696289 0.347507 0.696289 0.356305 0.699219 0.354839 0.705078 0.334311 0.720703 0.318182 0.714844 0.312317
0 0.202148 0.282991 0.198242 0.282991 0.188477 0.306452 0.187500 0.318182 0.180664 0.334311 0.187500 0.346041 0.180664 0.356305 0.177734 0.353372 0.172852 0.362170 0.169922 0.382698 0.154297 0.423754 0.153320 0.435484 0.141602 0.470674 0.140625 0.492669 0.146484 0.488270 0.147461 0.497067 0.133789 0.571848 0.128906 0.577713 0.127930 0.595308 0.122070 0.607038 0.122070 0.620235 0.110352 0.640762 0.112305 0.652493 0.109375 0.658358 0.109375 0.674487 0.102539 0.675953 0.104492 0.689150 0.097656 0.697947 0.093750 0.730205 0.099609 0.719941 0.097656 0.711144 0.103516 0.706745 0.103516 0.699413 0.108398 0.695015 0.112305 0.668622 0.117188 0.661290 0.124023 0.636364 0.125000 0.617302 0.129883 0.609971 0.130859 0.596774 0.136719 0.582111 0.143555 0.536657 0.155273 0.500000 0.159180 0.466276 0.170898 0.429619 0.171875 0.409091 0.184570 0.369501 0.186523 0.348974 0.192383 0.335777
0 0.507812 0.262463 0.500000 0.268328 0.495117 0.287390 0.500000 0.291789 0.500000 0.296188 0.493164 0.312317 0.484375 0.315249 0.483398 0.326979 0.472656 0.328446 0.474609 0.346041 0.469727 0.348974 0.465820 0.369501 0.456055 0.376833 0.455078 0.385630 0.452148 0.382698 0.452148 0.375367 0.448242 0.372434 0.446289 0.392962 0.451172 0.400293 0.450195 0.407625 0.443359 0.417889 0.438477 0.417889 0.440430 0.422287 0.432617 0.432551 0.434570 0.439883 0.424805 0.451613 0.424805 0.464809 0.418945 0.470674 0.412109 0.495601 0.406250 0.498534 0.406250 0.516129 0.401367 0.517595 0.398438 0.513196 0.397461 0.529326 0.385742 0.545455 0.387695 0.549853 0.385742 0.565982 0.382812 0.568915 0.382812 0.576246 0.375000 0.583578 0.375000 0.589443 0.367188 0.605572 0.365234 0.623167 0.360352 0.629032 0.359375 0.643695 0.346680 0.668622 0.347656 0.683284 0.343750 0.681818 0.342773 0.687683 0.337891 0.686217 0.334961 0.690616 0.333984 0.697947 0.338867 0.706745 0.333008 0.722874 0.329102 0.718475 0.326172 0.724340 0.328125 0.756598 0.336914 0.737537 0.337891 0.728739 0.342773 0.722874 0.350586 0.690616 0.356445 0.680352 0.359375 0.661290 0.364258 0.655425 0.366211 0.640762 0.371094 0.636364 0.374023 0.617302 0.399414 0.552786 0.400391 0.541056 0.405273 0.535191 0.409180 0.516129 0.417969 0.501466 0.428711 0.466276 0.452148 0.416422 0.456055 0.398827 0.460938 0.394428 0.474609 0.356305 0.483398 0.343109 0.494141 0.313783 0.499023 0.309384 0.499023 0.297654 0.504883 0.294721 0.512695 0.274194
0 0.480469 0.255132 0.469727 0.259531 0.468750 0.275660 0.456055 0.290323 0.453125 0.285924 0.455078 0.280059 0.451172 0.282991 0.444336 0.296188 0.444336 0.303519 0.453125 0.302053 0.448242 0.306452 0.445312 0.316716 0.441406 0.316716 0.435547 0.335777 0.442383 0.328446 0.443359 0.337243 0.447266 0.337243 0.452148 0.328446 0.453125 0.306452 0.459961 0.296188 0.465820 0.302053 0.471680 0.290323 0.468750 0.277126 0.475586 0.266862 0.479492 0.272727 0.483398 0.268328 0.483398 0.263930 0.478516 0.262463
0 0.170898 0.255132 0.159180 0.274194 0.162109 0.278592 0.157227 0.282991 0.157227 0.291789 0.161133 0.290323 0.161133 0.282991 0.164062 0.281525
0 0.217773 0.230205 0.209961 0.240469 0.204102 0.258065 0.203125 0.275660 0.217773 0.241935
0 0.481445 0.227273 0.469727 0.239003 0.464844 0.253666 0.461914 0.255132 0.453125 0.246334 0.447266 0.256598 0.450195 0.262463 0.458984 0.263930 0.457031 0.277126 0.461914 0.275660 0.464844 0.259531 0.477539 0.244868 0.476562 0.240469
0 0.440430 0.225806 0.429688 0.239003 0.427734 0.252199 0.419922 0.256598 0.418945 0.265396 0.413086 0.269795 0.413086 0.278592 0.409180 0.285924 0.417969 0.275660 0.417969 0.266862 0.430664 0.252199
0 0.493164 0.215543 0.487305 0.221408 0.488281 0.228739 0.493164 0.224340
0 0.186523 0.217009 0.184570 0.212610 0.180664 0.219941 0.174805 0.221408 0.169922 0.217009 0.165039 0.234604 0.172852 0.225806 0.176758 0.225806 0.177734 0.234604
0 0.228516 0.199413 0.219727 0.212610 0.219727 0.221408 0.223633 0.218475
0 0.458008 0.174487 0.452148 0.184751 0.444336 0.187683 0.443359 0.195015 0.452148 0.190616
0 0.202148 0.168622 0.193359 0.175953 0.188477 0.173021 0.188477 0.200880 0.193359 0.195015
0 0.561523 0.168622 0.552734 0.174487 0.546875 0.167155 0.546875 0.159824 0.538086 0.165689 0.537109 0.173021 0.546875 0.174487 0.546875 0.181818 0.540039 0.197947 0.543945 0.195015 0.546875 0.197947 0.536133 0.217009 0.531250 0.215543 0.531250 0.203812 0.530273 0.217009 0.525391 0.215543 0.523438 0.206745 0.516602 0.212610 0.521484 0.221408 0.518555 0.225806 0.518555 0.239003 0.512695 0.249267 0.515625 0.265396 0.520508 0.260997 0.530273 0.234604 0.539062 0.225806 0.541016 0.217009 0.548828 0.205279 0.549805 0.197947 0.559570 0.181818
0 0.557617 0.156891 0.557617 0.162757 0.561523 0.162757 0.561523 0.156891
0 0.249023 0.146628 0.235352 0.168622 0.234375 0.183284 0.243164 0.171554
0 0.215820 0.129032 0.198242 0.137830 0.197266 0.143695 0.202148 0.143695 0.204102 0.139296 0.209961 0.142229 0.208984 0.149560 0.203125 0.155425 0.203125 0.162757 0.206055 0.162757 0.208008 0.152493 0.211914 0.148094
0 0.230469 0.093842 0.226562 0.093842 0.224609 0.104106 0.221680 0.101173 0.223633 0.090909 0.218750 0.095308 0.222656 0.107038 0.216797 0.109971 0.218750 0.117302 0.216797 0.126100
0 0.238281 0.067449 0.243164 0.068915 0.243164 0.065982
0 0.281250 0.061584 0.260742 0.104106 0.262695 0.115836 0.272461 0.089443 0.277344 0.083578
0 0.263672 0.035191 0.263672 0.042522 0.266602 0.038123 0.269531 0.041056 0.272461 0.038123 0.270508 0.032258
0 0.295898 0.024927 0.288086 0.033724 0.285156 0.051320 0.295898 0.036657
0 0.240234 0.024927 0.235352 0.020528 0.228516 0.041056 0.234375 0.032258 0.241211 0.032258
0 0.258789 0.010264 0.256836 0.013196 0.259766 0.021994 0.253906 0.024927 0.253906 0.036657 0.262695 0.021994
0 0.214844 0.004399 0.210938 0.005865 0.208984 0.019062 0.193359 0.042522 0.187500 0.033724 0.187500 0.027859 0.193359 0.021994 0.190430 0.008798 0.194336 0.000000 0.197266 0.000000 0.187500 0.000000 0.182617 0.010264 0.187500 0.020528 0.185547 0.023460 0.187500 0.038123 0.184570 0.042522 0.187500 0.051320 0.174805 0.067449 0.170898 0.064516 0.170898 0.046921 0.176758 0.045455 0.181641 0.027859 0.178711 0.024927 0.171875 0.032258 0.171875 0.016129 0.166992 0.019062 0.163086 0.038123 0.166016 0.032258 0.168945 0.032258 0.169922 0.038123 0.165039 0.054252 0.160156 0.058651 0.160156 0.064516 0.166016 0.061584 0.168945 0.065982 0.166992 0.067449 0.168945 0.087977 0.163086 0.095308 0.163086 0.107038 0.160156 0.108504 0.158203 0.117302 0.155273 0.115836 0.156250 0.095308 0.152344 0.092375 0.155273 0.083578 0.155273 0.074780 0.153320 0.074780 0.146484 0.092375 0.138672 0.098240 0.142578 0.101173 0.146484 0.093842 0.149414 0.098240 0.151367 0.112903 0.147461 0.118768 0.146484 0.130499 0.138672 0.133431 0.132812 0.121701 0.125977 0.123167 0.125000 0.136364 0.128906 0.130499 0.133789 0.133431 0.128906 0.148094 0.137695 0.139296 0.143555 0.155425 0.134766 0.174487 0.138672 0.184751 0.134766 0.196481 0.130859 0.199413 0.130859 0.206745 0.115234 0.219941 0.118164 0.239003 0.111328 0.250733 0.099609 0.259531 0.100586 0.262463 0.109375 0.259531 0.103516 0.299120 0.106445 0.302053 0.096680 0.319648 0.096680 0.332845 0.088867 0.329912 0.087891 0.337243 0.093750 0.340176 0.093750 0.350440 0.088867 0.353372 0.083984 0.379765 0.078125 0.379765 0.076172 0.385630 0.078125 0.407625 0.082031 0.407625 0.078125 0.420821 0.087891 0.419355 0.084961 0.435484 0.089844 0.429619 0.093750 0.387097 0.098633 0.379765 0.099609 0.366569 0.105469 0.366569 0.108398 0.359238 0.106445 0.351906 0.122070 0.322581 0.122070 0.316716 0.118164 0.313783 0.119141 0.306452 0.124023 0.299120 0.124023 0.291789 0.129883 0.290323 0.137695 0.277126 0.134766 0.262463 0.139648 0.253666 0.139648 0.246334 0.145508 0.239003 0.148438 0.249267 0.155273 0.237537 0.153320 0.231672 0.155273 0.217009 0.149414 0.221408 0.148438 0.215543 0.155273 0.202346 0.155273 0.193548 0.152344 0.189150 0.155273 0.186217 0.156250 0.175953 0.162109 0.174487 0.157227 0.202346 0.164062 0.202346 0.162109 0.208211 0.164062 0.208211 0.177734 0.178886 0.170898 0.177419 0.170898 0.159824 0.178711 0.149560 0.184570 0.158358 0.187500 0.146628 0.192383 0.143695 0.192383 0.129032 0.199219 0.124633 0.197266 0.109971 0.203125 0.107038 0.208008 0.093842 0.203125 0.089443 0.206055 0.080645 0.202148 0.079179 0.202148 0.063050 0.206055 0.054252 0.217773 0.045455 0.215820 0.038123 0.217773 0.027859 0.208984 0.030792