0 0.497070 0.582111 0.488281 0.590909 0.485352 0.602639 0.458008 0.651026 0.467773 0.649560 0.469727 0.655425 0.475586 0.652493 0.491211 0.611437 0.489258 0.607038 0.494141 0.604106 0.496094 0.593842 0.492188 0.590909 0.499023 0.585044
0 0.461914 0.570381 0.458008 0.567449 0.452148 0.582111 0.414062 0.630499 0.424805 0.631965 0.426758 0.640762 0.433594 0.634897 0.442383 0.614370 0.452148 0.601173 0.454102 0.587977 0.460938 0.579179
0 0.576172 0.564516 0.571289 0.570381 0.566406 0.599707 0.563477 0.602639 0.562500 0.618768 0.550781 0.655425 0.562500 0.653959 0.574219 0.605572 0.572266 0.601173 0.576172 0.582111 0.572266 0.577713 0.577148 0.573314
0 0.417969 0.563050 0.375000 0.604106 0.383789 0.607038 0.384766 0.614370 0.389648 0.618768 0.389648 0.614370 0.413086 0.582111 0.413086 0.576246 0.418945 0.570381
0 0.389648 0.535191 0.373047 0.549853 0.339844 0.565982 0.347656 0.576246 0.347656 0.582111 0.353516 0.580645 0.374023 0.561584 0.377930 0.549853 0.385742 0.548387
0 0.634766 0.514663 0.637695 0.555718 0.633789 0.574780 0.635742 0.585044 0.631836 0.623167 0.637695 0.620235 0.639648 0.626100 0.640625 0.620235 0.650391 0.609971 0.651367 0.579179 0.644531 0.545455 0.646484 0.535191 0.639648 0.527859 0.642578 0.520528 0.637695 0.521994
0 0.616211 0.513196 0.609375 0.521994 0.609375 0.538123 0.606445 0.542522 0.609375 0.558651 0.594727 0.646628 0.608398 0.636364 0.610352 0.639296 0.612305 0.629032 0.614258 0.642229 0.618164 0.631965 0.615234 0.629032 0.619141 0.623167 0.620117 0.595308 0.624023 0.586510 0.624023 0.579179 0.621094 0.579179 0.621094 0.567449 0.624023 0.567449 0.624023 0.563050 0.621094 0.564516 0.621094 0.560117 0.624023 0.560117 0.624023 0.539589 0.621094 0.539589 0.623047 0.535191 0.621094 0.538123 0.619141 0.535191 0.620117 0.526393
0 0.389648 0.500000 0.379883 0.492669 0.374023 0.500000 0.353516 0.511730 0.308594 0.524927 0.319336 0.548387 0.335938 0.535191 0.352539 0.529326
0 0.656250 0.470674 0.656250 0.479472 0.662109 0.489736 0.666992 0.529326 0.670898 0.535191 0.667969 0.542522 0.675781 0.560117 0.672852 0.563050 0.675781 0.577713 0.673828 0.585044 0.679688 0.585044 0.681641 0.593842 0.682617 0.586510 0.686523 0.585044 0.691406 0.574780 0.686523 0.529326 0.675781 0.492669 0.671875 0.485337 0.668945 0.488270
0 0.363281 0.473607 0.358398 0.466276 0.333008 0.479472 0.291992 0.485337 0.291992 0.491202 0.300781 0.501466 0.307617 0.497067 0.327148 0.495601 0.329102 0.491202 0.341797 0.488270
0 0.342773 0.439883 0.314453 0.445748 0.278320 0.442815 0.274414 0.447214 0.279297 0.454545 0.278320 0.460411 0.284180 0.461877 0.293945 0.456012 0.328125 0.453079 0.341797 0.445748
0 0.691406 0.426686 0.701172 0.451613 0.698242 0.461877 0.703125 0.463343 0.702148 0.470674 0.705078 0.466276 0.708008 0.469208 0.708008 0.485337 0.710938 0.483871 0.713867 0.488270 0.713867 0.498534 0.718750 0.500000 0.719727 0.510264 0.715820 0.510264 0.724609 0.523460 0.719727 0.529326 0.725586 0.529326 0.727539 0.533724 0.734375 0.520528 0.726562 0.498534 0.726562 0.488270 0.721680 0.482405 0.712891 0.456012 0.704102 0.450147 0.703125 0.439883
0 0.271484 0.413490 0.273438 0.425220 0.279297 0.428152 0.281250 0.420821 0.286133 0.423754 0.287109 0.419355 0.291992 0.422287 0.333008 0.417889 0.328125 0.410557 0.297852 0.413490 0.273438 0.409091