0 0.762695 0.992669 0.762695 0.995601 0.772461 0.995601
0 0.712891 0.995601 0.733398 0.995601 0.723633 0.992669
0 0.869141 0.985337 0.856445 0.989736 0.856445 0.997067 0.862305 0.998534 0.862305 0.991202
0 0.778320 0.978006 0.776367 0.980938 0.780273 0.983871
0 0.806641 0.976540 0.807617 0.983871 0.811523 0.980938 0.814453 0.985337 0.818359 0.980938 0.814453 0.973607
0 0.764648 0.973607 0.760742 0.978006 0.762695 0.983871 0.767578 0.979472
0 0.716797 0.969208 0.718750 0.976540 0.736328 0.985337 0.740234 0.991202 0.738281 0.995601 0.750000 0.995601 0.742188 0.988270 0.746094 0.980938 0.743164 0.979472 0.744141 0.967742 0.738281 0.966276 0.731445 0.973607
0 0.799805 0.790323 0.814453 0.784457 0.802734 0.781525
0 0.856445 0.724340 0.842773 0.719941 0.812500 0.721408 0.803711 0.714076 0.791992 0.718475 0.787109 0.724340 0.786133 0.731672 0.780273 0.730205 0.783203 0.721408 0.779297 0.718475 0.775391 0.721408 0.778320 0.724340 0.775391 0.733138 0.768555 0.731672 0.771484 0.722874 0.748047 0.719941 0.737305 0.727273 0.731445 0.722874 0.725586 0.724340 0.729492 0.736070 0.724609 0.741935 0.708984 0.731672 0.691406 0.733138 0.688477 0.737537 0.694336 0.749267 0.688477 0.755132 0.686523 0.746334 0.682617 0.744868 0.681641 0.749267 0.685547 0.753666 0.677734 0.765396 0.666992 0.769795 0.657227 0.766862 0.653320 0.758065 0.647461 0.762463 0.649414 0.769795 0.646484 0.774194 0.646484 0.782991 0.637695 0.790323 0.640625 0.797654 0.623047 0.809384 0.625000 0.816716 0.629883 0.815249 0.634766 0.822581 0.625977 0.838710 0.655273 0.835777 0.671875 0.812317 0.683594 0.812317 0.687500 0.804985 0.682617 0.803519 0.681641 0.799120 0.685547 0.793255 0.693359 0.793255 0.694336 0.778592 0.704102 0.784457 0.704102 0.788856 0.698242 0.794721 0.707031 0.803519 0.701172 0.812317 0.703125 0.815249 0.723633 0.802053 0.723633 0.794721 0.718750 0.797654 0.717773 0.791789 0.708984 0.791789 0.707031 0.778592 0.710938 0.777126 0.712891 0.782991 0.723633 0.782991 0.725586 0.778592 0.736328 0.777126 0.741211 0.768328 0.748047 0.771261 0.747070 0.777126 0.750000 0.778592 0.747070 0.782991 0.758789 0.782991 0.760742 0.787390 0.765625 0.784457 0.772461 0.788856 0.765625 0.797654 0.756836 0.794721 0.750000 0.799120 0.750000 0.803519 0.771484 0.802053 0.786133 0.788856 0.783203 0.784457 0.786133 0.778592 0.779297 0.774194 0.779297 0.768328 0.795898 0.763930 0.796875 0.772727 0.803711 0.769795 0.817383 0.772727 0.822266 0.768328 0.818359 0.760997 0.819336 0.752199 0.814453 0.749267 0.815430 0.744868 0.827148 0.743402 0.826172 0.753666 0.833008 0.756598 0.839844 0.750733 0.836914 0.744868 0.837891 0.739003 0.834961 0.737537 0.835938 0.733138 0.842773 0.736070 0.846680 0.730205 0.855469 0.730205
0 0.706055 0.558651 0.698242 0.558651 0.699219 0.570381 0.696289 0.567449 0.685547 0.570381 0.681641 0.565982 0.682617 0.561584 0.690430 0.557185 0.690430 0.551320 0.687500 0.554252 0.681641 0.551320 0.676758 0.558651 0.670898 0.560117 0.657227 0.558651 0.656250 0.567449 0.650391 0.568915 0.650391 0.576246 0.640625 0.586510 0.639648 0.592375 0.635742 0.592375 0.632812 0.582111 0.619141 0.587977 0.619141 0.579179 0.615234 0.577713 0.611328 0.582111 0.607422 0.579179 0.593750 0.587977 0.590820 0.596774 0.587891 0.593842 0.578125 0.605572 0.580078 0.608504 0.593750 0.596774 0.599609 0.605572 0.594727 0.611437 0.593750 0.623167 0.583984 0.629032 0.583984 0.636364 0.587891 0.631965 0.598633 0.631965 0.608398 0.623167 0.615234 0.609971 0.630859 0.612903 0.635742 0.601173 0.650391 0.596774 0.668945 0.580645 0.679688 0.580645 0.680664 0.585044 0.687500 0.586510 0.696289 0.585044 0.702148 0.580645 0.702148 0.568915 0.706055 0.565982
0 0.703125 0.536657 0.700195 0.535191 0.699219 0.541056 0.694336 0.539589 0.694336 0.542522 0.700195 0.545455
0 0.764648 0.530792 0.759766 0.532258 0.752930 0.521994 0.745117 0.521994 0.743164 0.513196 0.737305 0.520528 0.731445 0.520528 0.734375 0.529326 0.746094 0.529326 0.747070 0.533724 0.737305 0.543988 0.729492 0.539589 0.729492 0.548387 0.724609 0.554252 0.719727 0.549853 0.719727 0.554252 0.725586 0.558651 0.718750 0.560117 0.712891 0.568915 0.713867 0.573314 0.718750 0.576246 0.729492 0.563050 0.736328 0.563050 0.743164 0.557185 0.743164 0.551320 0.737305 0.548387 0.741211 0.539589 0.751953 0.542522 0.755859 0.535191 0.764648 0.533724
0 0.781250 0.488270 0.780273 0.483871 0.775391 0.485337 0.772461 0.479472 0.762695 0.480938 0.759766 0.478006 0.761719 0.473607 0.750977 0.475073 0.747070 0.479472 0.748047 0.488270 0.743164 0.494135 0.736328 0.480938 0.724609 0.475073 0.718750 0.478006 0.717773 0.483871 0.697266 0.479472 0.687500 0.489736 0.675781 0.489736 0.674805 0.480938 0.671875 0.480938 0.664062 0.494135 0.656250 0.498534 0.641602 0.494135 0.629883 0.516129 0.624023 0.520528 0.616211 0.517595 0.614258 0.521994 0.606445 0.523460 0.602539 0.530792 0.588867 0.536657 0.579102 0.546921 0.582031 0.552786 0.575195 0.573314 0.570312 0.568915 0.569336 0.560117 0.562500 0.564516 0.557617 0.577713 0.570312 0.568915 0.568359 0.580645 0.563477 0.585044 0.571289 0.586510 0.587891 0.568915 0.591797 0.576246 0.597656 0.568915 0.603516 0.573314 0.608398 0.571848 0.610352 0.563050 0.617188 0.563050 0.615234 0.554252 0.621094 0.552786 0.623047 0.557185 0.627930 0.557185 0.630859 0.543988 0.636719 0.543988 0.638672 0.552786 0.645508 0.548387 0.637695 0.541056 0.646484 0.529326 0.650391 0.529326 0.655273 0.538123 0.655273 0.527859 0.666016 0.511730 0.668945 0.511730 0.666016 0.510264 0.667969 0.507331 0.666016 0.497067 0.671875 0.491202 0.678711 0.497067 0.681641 0.507331 0.696289 0.500000 0.703125 0.510264 0.710938 0.510264 0.708008 0.501466 0.717773 0.500000 0.719727 0.488270 0.728516 0.486804 0.738281 0.495601 0.733398 0.502933 0.722656 0.502933 0.712891 0.508798 0.721680 0.516129 0.718750 0.526393 0.726562 0.526393 0.728516 0.530792 0.728516 0.517595 0.723633 0.511730 0.727539 0.507331 0.733398 0.510264 0.735352 0.505865 0.744141 0.505865 0.750977 0.495601 0.755859 0.497067 0.756836 0.492669 0.761719 0.495601 0.765625 0.491202 0.771484 0.495601
0 0.785156 0.475073 0.795898 0.478006 0.796875 0.473607 0.789062 0.470674
0 0.472656 0.464809 0.483398 0.467742 0.489258 0.464809 0.492188 0.456012 0.478516 0.456012
0 0.464844 0.432551 0.471680 0.420821 0.480469 0.426686 0.483398 0.425220 0.483398 0.419355 0.477539 0.419355 0.477539 0.413490 0.469727 0.410557 0.468750 0.417889 0.462891 0.423754
0 0.487305 0.387097 0.477539 0.398827 0.484375 0.407625 0.493164 0.406158 0.493164 0.395894 0.490234 0.395894
0 0.664062 0.293255 0.654297 0.300587 0.658203 0.302053
0 0.680664 0.280059 0.671875 0.282991 0.672852 0.288856 0.680664 0.284457
0 0.384766 0.274194 0.375977 0.281525 0.375000 0.288856 0.369141 0.296188 0.376953 0.290323 0.377930 0.302053 0.383789 0.294721
0 0.689453 0.240469 0.675781 0.240469 0.668945 0.246334 0.667969 0.240469 0.662109 0.237537 0.662109 0.231672 0.657227 0.231672 0.651367 0.239003 0.656250 0.243402 0.654297 0.247801 0.662109 0.250733 0.659180 0.256598 0.652344 0.259531 0.643555 0.256598 0.629883 0.268328 0.618164 0.265396 0.617188 0.262463 0.622070 0.255132 0.610352 0.258065 0.610352 0.265396 0.606445 0.268328 0.603516 0.263930 0.608398 0.256598 0.604492 0.256598 0.590820 0.269795 0.586914 0.263930 0.579102 0.268328 0.581055 0.285924 0.577148 0.293255 0.560547 0.287390 0.529297 0.325513 0.534180 0.334311 0.532227 0.337243 0.534180 0.346041 0.529297 0.348974 0.525391 0.360704 0.519531 0.357771 0.518555 0.362170 0.510742 0.360704 0.508789 0.351906 0.500977 0.357771 0.500000 0.369501 0.502930 0.375367 0.498047 0.381232 0.502930 0.390029 0.500977 0.397361 0.504883 0.397361 0.513672 0.384164 0.515625 0.394428 0.508789 0.395894 0.504883 0.403226 0.495117 0.404692 0.497070 0.417889 0.489258 0.431085 0.485352 0.431085 0.475586 0.450147 0.478516 0.453079 0.484375 0.445748 0.487305 0.447214 0.485352 0.450147 0.491211 0.453079 0.501953 0.448680 0.510742 0.426686 0.519531 0.417889 0.525391 0.417889 0.527344 0.410557 0.543945 0.392962 0.546875 0.385630 0.550781 0.390029 0.561523 0.384164 0.565430 0.373900 0.569336 0.375367 0.569336 0.382698 0.574219 0.384164 0.581055 0.370968 0.573242 0.370968 0.572266 0.360704 0.585938 0.347507 0.586914 0.341642 0.592773 0.341642 0.594727 0.335777 0.602539 0.340176 0.603516 0.346041 0.600586 0.351906 0.606445 0.354839 0.611328 0.338710 0.608398 0.334311 0.613281 0.326979 0.624023 0.324047 0.625977 0.319648 0.632812 0.325513 0.635742 0.315249 0.642578 0.312317 0.642578 0.306452 0.640625 0.309384 0.634766 0.303519 0.636719 0.297654 0.642578 0.294721 0.647461 0.300587 0.652344 0.300587 0.649414 0.287390 0.661133 0.278592 0.658203 0.274194 0.665039 0.266862 0.679688 0.265396 0.681641 0.258065 0.677734 0.253666
0 0.403320 0.230205 0.394531 0.236070 0.393555 0.244868 0.399414 0.243402 0.399414 0.236070
0 0.411133 0.219941 0.406250 0.230205 0.412109 0.224340
0 0.312500 0.187683 0.309570 0.189150 0.310547 0.195015
0 0.436523 0.164223 0.425781 0.175953 0.422852 0.196481 0.425781 0.190616 0.430664 0.190616 0.431641 0.183284 0.434570 0.181818
0 0.327148 0.151026 0.320312 0.156891 0.320312 0.162757 0.327148 0.162757
0 0.458008 0.133431 0.448242 0.140762 0.444336 0.149560 0.449219 0.151026 0.454102 0.139296 0.458008 0.139296
0 0.483398 0.105572 0.475586 0.104106 0.471680 0.115836 0.475586 0.112903 0.480469 0.115836
0 0.565430 0.102639 0.556641 0.105572 0.545898 0.099707 0.540039 0.102639 0.537109 0.095308 0.531250 0.093842 0.517578 0.112903 0.513672 0.108504 0.512695 0.115836 0.507812 0.121701 0.498047 0.123167 0.494141 0.131965 0.492188 0.129032 0.484375 0.131965 0.482422 0.136364 0.484375 0.149560 0.477539 0.155425 0.475586 0.152493 0.473633 0.164223 0.463867 0.164223 0.453125 0.170088 0.451172 0.178886 0.453125 0.187683 0.443359 0.192082 0.443359 0.196481 0.450195 0.193548 0.449219 0.206745 0.443359 0.212610 0.438477 0.211144 0.436523 0.217009 0.428711 0.217009 0.428711 0.224340 0.421875 0.230205 0.420898 0.244868 0.416992 0.246334 0.415039 0.239003 0.406250 0.244868 0.406250 0.249267 0.413086 0.244868 0.416016 0.252199 0.407227 0.262463 0.404297 0.277126 0.394531 0.287390 0.393555 0.299120 0.387695 0.303519 0.390625 0.313783 0.387695 0.316716 0.387695 0.325513 0.381836 0.328446 0.378906 0.319648 0.375000 0.326979 0.381836 0.334311 0.388672 0.350440 0.392578 0.350440 0.389648 0.346041 0.389648 0.334311 0.393555 0.328446 0.405273 0.325513 0.406250 0.310850 0.411133 0.307918 0.416992 0.296188 0.423828 0.294721 0.428711 0.277126 0.435547 0.266862 0.442383 0.266862 0.443359 0.256598 0.457031 0.234604 0.465820 0.233138 0.468750 0.225806 0.476562 0.224340 0.495117 0.190616 0.508789 0.183284 0.513672 0.173021 0.524414 0.174487 0.540039 0.151026 0.551758 0.148094 0.551758 0.140762 0.563477 0.127566 0.568359 0.130499 0.567383 0.126100 0.570312 0.121701 0.564453 0.111437
0 0.383789 0.057185 0.378906 0.058651 0.373047 0.070381 0.375000 0.073314 0.379883 0.068915
0 0.528320 0.051320 0.522461 0.055718 0.516602 0.068915 0.523438 0.068915 0.523438 0.058651 0.528320 0.055718
0 0.356445 0.001466 0.343750 0.020528 0.341797 0.036657 0.313477 0.063050 0.304688 0.076246 0.303711 0.083578 0.296875 0.085044 0.293945 0.098240 0.287109 0.105572 0.287109 0.115836 0.275391 0.133431 0.275391 0.139296 0.278320 0.140762 0.272461 0.146628 0.271484 0.155425 0.260742 0.175953 0.262695 0.187683 0.255859 0.214076 0.250977 0.221408 0.252930 0.237537 0.264648 0.230205 0.269531 0.219941 0.275391 0.219941 0.281250 0.209677 0.284180 0.211144 0.284180 0.218475 0.287109 0.218475 0.296875 0.196481 0.297852 0.202346 0.301758 0.200880 0.303711 0.187683 0.308594 0.181818 0.308594 0.174487 0.317383 0.153959 0.318359 0.142229 0.338867 0.117302 0.352539 0.115836 0.353516 0.108504 0.349609 0.099707 0.342773 0.098240 0.346680 0.079179 0.340820 0.085044 0.337891 0.074780 0.342773 0.070381 0.346680 0.046921 0.358398 0.036657 0.356445 0.029326 0.362305 0.014663 0.356445 0.013196 0.358398 0.007331
0 0.428711 0.000000 0.422852 0.001466 0.412109 0.021994 0.420898 0.017595
0 0.365234 0.008798 0.374023 0.004399 0.372070 0.000000 0.366211 0.000000