0 0.445312 0.686217 0.442383 0.714076 0.439453 0.717009 0.438477 0.739003 0.433594 0.749267 0.433594 0.760997 0.430664 0.763930 0.432617 0.768328 0.427734 0.777126 0.426758 0.790323 0.422852 0.799120 0.426758 0.793255 0.431641 0.794721 0.435547 0.782991 0.444336 0.727273 0.442383 0.719941 0.445312 0.715543 0.444336 0.705279 0.447266 0.695015
0 0.534180 0.677419 0.532227 0.705279 0.534180 0.703812
0 0.538086 0.668622 0.536133 0.733138 0.538086 0.728739 0.536133 0.724340
0 0.448242 0.659824 0.446289 0.659824 0.445312 0.681818 0.448242 0.680352
0 0.472656 0.639296 0.472656 0.673021 0.470703 0.674487 0.472656 0.684751 0.465820 0.739003 0.467773 0.739003 0.472656 0.705279
0 0.495117 0.602639 0.489258 0.605572 0.492188 0.645161 0.488281 0.652493 0.488281 0.700880 0.483398 0.747801 0.473633 0.794721 0.487305 0.791789 0.489258 0.785924 0.491211 0.788856 0.502930 0.718475 0.500977 0.715543 0.503906 0.692082 0.500977 0.675953 0.503906 0.667155 0.500977 0.631965 0.500000 0.634897
0 0.535156 0.548387 0.530273 0.565982 0.533203 0.565982 0.530273 0.571848 0.533203 0.598240 0.531250 0.605572 0.536133 0.608504 0.533203 0.626100 0.535156 0.637830 0.534180 0.621701 0.536133 0.620235 0.539062 0.627566 0.537109 0.633431 0.540039 0.640762 0.537109 0.645161 0.541992 0.655425 0.541992 0.709677 0.540039 0.711144 0.541992 0.721408 0.539062 0.737537 0.535156 0.739003 0.532227 0.766862 0.541016 0.760997 0.539062 0.749267 0.543945 0.722874 0.541992 0.715543 0.544922 0.687683 0.546875 0.687683 0.545898 0.617302 0.551758 0.646628 0.551758 0.695015 0.547852 0.699413 0.550781 0.705279 0.546875 0.706745 0.548828 0.711144 0.544922 0.731672 0.547852 0.744868 0.544922 0.756598 0.551758 0.750733 0.554688 0.721408 0.553711 0.649560 0.543945 0.582111
0 0.620117 0.519062 0.620117 0.526393 0.625000 0.535191 0.625000 0.545455 0.633789 0.561584 0.633789 0.579179 0.636719 0.582111 0.641602 0.609971 0.642578 0.604106 0.651367 0.596774 0.650391 0.587977 0.634766 0.538123 0.627930 0.524927 0.624023 0.527859
0 0.566406 0.505865 0.567383 0.513196 0.563477 0.521994 0.566406 0.523460 0.570312 0.549853 0.576172 0.561584 0.580078 0.589443 0.577148 0.589443 0.577148 0.585044 0.585938 0.631965 0.586914 0.661290 0.591797 0.674487 0.591797 0.711144 0.597656 0.705279 0.595703 0.648094 0.604492 0.658358 0.605469 0.695015 0.610352 0.690616 0.606445 0.642229 0.587891 0.560117 0.572266 0.514663
0 0.605469 0.478006 0.607422 0.486804 0.605469 0.488270 0.616211 0.502933
0 0.593750 0.458944 0.594727 0.463343 0.591797 0.464809 0.597656 0.475073 0.594727 0.469208 0.597656 0.464809