0 0.665039 0.997067 0.661133 0.982405 0.647461 0.991202 0.647461 0.998534
0 0.640625 0.939883 0.634766 0.945748 0.634766 0.953079 0.640625 0.964809 0.646484 0.966276 0.650391 0.954545 0.648438 0.945748
0 0.828125 0.935484 0.826172 0.941349 0.830078 0.944282 0.831055 0.938416
0 0.630859 0.907625 0.627930 0.919355 0.634766 0.923754 0.637695 0.914956
0 0.587891 0.907625 0.586914 0.914956 0.590820 0.920821 0.592773 0.910557
0 0.778320 0.903226 0.782227 0.917889 0.786133 0.919355 0.787109 0.907625 0.781250 0.901760
0 0.618164 0.884164 0.616211 0.890029 0.621094 0.891496 0.622070 0.884164
0 0.763672 0.860704 0.762695 0.870968 0.765625 0.876833 0.770508 0.876833 0.771484 0.869501
0 0.797852 0.860704 0.800781 0.873900 0.808594 0.872434 0.805664 0.860704
0 0.781250 0.856305 0.782227 0.873900 0.789062 0.882698 0.795898 0.882698 0.788086 0.860704
0 0.587891 0.837243 0.588867 0.857771 0.605469 0.857771 0.608398 0.848974 0.606445 0.837243 0.602539 0.832845 0.591797 0.832845
0 0.738281 0.831378 0.741211 0.843109 0.746094 0.843109 0.746094 0.832845 0.742188 0.828446
0 0.778320 0.788856 0.773438 0.800587 0.781250 0.812317 0.786133 0.812317 0.788086 0.803519 0.783203 0.791789
0 0.693359 0.766862 0.696289 0.772727 0.700195 0.769795 0.697266 0.765396
0 0.765625 0.756598 0.766602 0.760997 0.770508 0.759531 0.768555 0.755132
0 0.557617 0.750733 0.557617 0.763930 0.560547 0.768328 0.564453 0.766862 0.565430 0.758065 0.561523 0.750733
0 0.549805 0.743402 0.550781 0.749267 0.555664 0.750733 0.554688 0.743402
0 0.760742 0.739003 0.759766 0.746334 0.762695 0.749267 0.764648 0.741935
0 0.531250 0.722874 0.532227 0.730205 0.537109 0.736070 0.543945 0.736070 0.543945 0.728739 0.540039 0.721408
0 0.734375 0.705279 0.732422 0.718475 0.735352 0.725806 0.743164 0.727273 0.747070 0.721408 0.746094 0.711144 0.742188 0.703812
0 0.521484 0.692082 0.522461 0.697947 0.527344 0.697947 0.527344 0.692082
0 0.724609 0.675953 0.719727 0.681818 0.719727 0.689150 0.730469 0.699413 0.733398 0.696481 0.733398 0.684751 0.730469 0.677419
0 0.495117 0.668622 0.498047 0.675953 0.501953 0.674487 0.501953 0.668622
0 0.682617 0.639296 0.682617 0.646628 0.687500 0.648094 0.689453 0.643695 0.687500 0.639296
0 0.862305 0.629032 0.862305 0.636364 0.868164 0.639296 0.869141 0.634897
0 0.688477 0.592375 0.687500 0.604106 0.697266 0.612903 0.702148 0.602639 0.695312 0.590909
0 0.829102 0.574780 0.832031 0.585044 0.839844 0.589443 0.840820 0.583578 0.836914 0.574780
0 0.660156 0.560117 0.656250 0.568915 0.660156 0.577713 0.666992 0.585044 0.673828 0.585044 0.674805 0.577713 0.670898 0.567449 0.664062 0.558651
0 0.620117 0.558651 0.620117 0.565982 0.624023 0.565982 0.624023 0.560117
0 0.807617 0.543988 0.803711 0.549853 0.804688 0.554252 0.812500 0.563050 0.815430 0.558651 0.814453 0.551320
0 0.843750 0.541056 0.841797 0.548387 0.846680 0.557185 0.852539 0.554252 0.850586 0.546921
0 0.547852 0.526393 0.549805 0.533724 0.551758 0.527859
0 0.643555 0.502933 0.643555 0.507331 0.648438 0.505865
0 0.836914 0.498534 0.826172 0.504399 0.826172 0.514663 0.833984 0.526393 0.842773 0.520528 0.840820 0.519062 0.842773 0.508798
0 0.791016 0.489736 0.789062 0.500000 0.793945 0.505865 0.798828 0.505865 0.799805 0.498534 0.795898 0.489736
0 0.744141 0.457478 0.744141 0.463343 0.750000 0.472141 0.754883 0.469208 0.749023 0.456012
0 0.804688 0.445748 0.803711 0.453079 0.811523 0.458944 0.811523 0.447214
0 0.782227 0.422287 0.782227 0.429619 0.787109 0.431085 0.787109 0.422287
0 0.762695 0.395894 0.758789 0.412023 0.760742 0.417889 0.770508 0.422287 0.772461 0.417889 0.765625 0.407625 0.765625 0.398827
0 0.503906 0.395894 0.502930 0.406158 0.512695 0.416422 0.514648 0.404692 0.509766 0.395894
0 0.706055 0.387097 0.703125 0.391496 0.704102 0.398827 0.710938 0.403226 0.712891 0.395894
0 0.756836 0.384164 0.756836 0.388563 0.761719 0.392962 0.762695 0.385630
0 0.735352 0.381232 0.732422 0.390029 0.737305 0.406158 0.743164 0.412023 0.749023 0.407625 0.746094 0.390029 0.739258 0.381232
0 0.464844 0.381232 0.459961 0.385630 0.462891 0.390029 0.465820 0.385630
0 0.709961 0.353372 0.709961 0.359238 0.715820 0.365103 0.720703 0.360704 0.715820 0.351906
0 0.750977 0.348974 0.750977 0.359238 0.753906 0.365103 0.758789 0.365103 0.758789 0.353372
0 0.735352 0.347507 0.737305 0.351906 0.742188 0.350440 0.740234 0.344575
0 0.678711 0.344575 0.685547 0.356305 0.689453 0.354839 0.684570 0.340176
0 0.685547 0.290323 0.682617 0.293255 0.682617 0.300587 0.687500 0.304985 0.692383 0.300587
0 0.590820 0.282991 0.587891 0.288856 0.593750 0.296188 0.595703 0.287390
0 0.844727 0.274194 0.843750 0.284457 0.849609 0.288856 0.850586 0.280059
0 0.656250 0.258065 0.656250 0.265396 0.660156 0.271261 0.665039 0.271261 0.664062 0.259531
0 0.799805 0.208211 0.800781 0.215543 0.804688 0.219941 0.808594 0.218475 0.808594 0.211144
0 0.851562 0.161290 0.844727 0.170088 0.843750 0.177419 0.847656 0.186217 0.855469 0.190616 0.864258 0.181818 0.864258 0.174487 0.861328 0.165689
0 0.793945 0.142229 0.789062 0.151026 0.796875 0.159824 0.799805 0.152493
0 0.769531 0.136364 0.769531 0.139296 0.777344 0.139296 0.774414 0.131965
0 0.410156 0.118768 0.410156 0.124633 0.415039 0.124633 0.413086 0.118768
0 0.486328 0.118768 0.477539 0.123167 0.472656 0.129032 0.472656 0.134897 0.483398 0.136364 0.487305 0.124633
0 0.445312 0.112903 0.442383 0.108504 0.438477 0.109971 0.437500 0.120235
0 0.704102 0.104106 0.706055 0.111437 0.711914 0.111437 0.710938 0.104106
0 0.758789 0.076246 0.752930 0.082111 0.753906 0.092375 0.759766 0.102639 0.765625 0.102639 0.767578 0.089443 0.764648 0.080645
0 0.735352 0.071848 0.731445 0.085044 0.738281 0.101173 0.744141 0.101173 0.747070 0.093842 0.746094 0.079179 0.740234 0.071848
0 0.690430 0.048387 0.698242 0.068915 0.706055 0.064516 0.702148 0.046921 0.697266 0.043988
0 0.748047 0.039589 0.750000 0.045455 0.752930 0.045455 0.751953 0.039589