0 0.771484 0.991202 0.774414 0.998534 0.775391 0.992669
0 0.877930 0.973607 0.883789 0.976540 0.880859 0.969208
0 0.760742 0.958944 0.760742 0.966276 0.764648 0.967742 0.764648 0.961877
0 0.738281 0.954545 0.741211 0.964809 0.746094 0.961877 0.743164 0.954545
0 0.870117 0.944282 0.872070 0.951613 0.874023 0.945748
0 0.587891 0.944282 0.589844 0.951613 0.590820 0.944282
0 0.757812 0.938416 0.755859 0.944282 0.758789 0.942815
0 0.966797 0.920821 0.968750 0.929619 0.973633 0.929619 0.970703 0.920821
0 0.867188 0.919355 0.869141 0.928152 0.875000 0.932551 0.871094 0.920821
0 0.981445 0.898827 0.979492 0.901760 0.981445 0.906158 0.983398 0.904692
0 0.572266 0.898827 0.572266 0.906158 0.577148 0.904692
0 0.579102 0.878299 0.579102 0.887097 0.581055 0.887097 0.583008 0.879765
0 0.963867 0.875367 0.965820 0.882698 0.968750 0.882698 0.967773 0.875367
0 0.744141 0.860704 0.749023 0.866569 0.749023 0.860704
0 0.843750 0.854839 0.845703 0.862170 0.846680 0.856305
0 0.572266 0.854839 0.574219 0.862170 0.574219 0.854839
0 0.956055 0.850440 0.957031 0.857771 0.959961 0.859238 0.959961 0.851906
0 0.728516 0.850440 0.725586 0.859238 0.730469 0.862170 0.733398 0.854839
0 0.721680 0.837243 0.719727 0.843109 0.723633 0.844575
0 0.962891 0.828446 0.960938 0.834311 0.964844 0.835777
0 0.941406 0.822581 0.943359 0.826979 0.946289 0.825513 0.944336 0.821114
0 0.557617 0.816716 0.557617 0.821114 0.561523 0.819648
0 0.729492 0.813783 0.729492 0.819648 0.733398 0.819648 0.733398 0.815249
0 0.563477 0.802053 0.568359 0.812317 0.567383 0.804985
0 0.832031 0.791789 0.831055 0.800587 0.833984 0.803519 0.836914 0.797654
0 0.713867 0.793255 0.717773 0.797654 0.717773 0.791789
0 0.940430 0.790323 0.935547 0.794721 0.937500 0.800587 0.940430 0.797654
0 0.416992 0.785924 0.420898 0.788856 0.420898 0.784457
0 0.557617 0.781525 0.557617 0.788856 0.561523 0.787390
0 0.932617 0.780059 0.936523 0.788856 0.936523 0.780059
0 0.725586 0.766862 0.727539 0.774194 0.730469 0.769795
0 0.820312 0.765396 0.823242 0.769795 0.827148 0.768328 0.824219 0.762463
0 0.927734 0.758065 0.925781 0.763930 0.928711 0.766862 0.930664 0.762463
0 0.572266 0.755132 0.574219 0.760997 0.575195 0.756598
0 0.943359 0.746334 0.940430 0.747801 0.941406 0.755132 0.944336 0.750733
0 0.812500 0.734604 0.813477 0.741935 0.817383 0.740469 0.815430 0.734604
0 0.412109 0.731672 0.409180 0.734604 0.412109 0.741935 0.415039 0.737537
0 0.927734 0.715543 0.924805 0.719941 0.930664 0.725806
0 0.712891 0.711144 0.714844 0.718475 0.715820 0.711144
0 0.564453 0.711144 0.560547 0.718475 0.562500 0.722874 0.565430 0.718475
0 0.722656 0.700880 0.722656 0.706745 0.726562 0.708211 0.727539 0.700880
0 0.565430 0.668622 0.563477 0.674487 0.567383 0.675953 0.568359 0.671554
0 0.715820 0.653959 0.717773 0.662757 0.718750 0.656891
0 0.328125 0.653959 0.328125 0.661290 0.331055 0.661290 0.331055 0.653959
0 0.691406 0.652493 0.695312 0.661290 0.696289 0.653959
0 0.547852 0.652493 0.548828 0.661290 0.551758 0.656891
0 0.413086 0.652493 0.416016 0.659824 0.416016 0.652493
0 0.904297 0.640762 0.904297 0.646628 0.908203 0.648094 0.908203 0.640762
0 0.420898 0.629032 0.418945 0.636364 0.420898 0.636364
0 0.415039 0.611437 0.413086 0.618768 0.416016 0.615836
0 0.316406 0.598240 0.315430 0.604106 0.321289 0.604106 0.319336 0.598240
0 0.406250 0.593842 0.406250 0.601173 0.408203 0.601173 0.408203 0.593842
0 0.565430 0.587977 0.562500 0.592375 0.563477 0.596774 0.567383 0.595308
0 0.697266 0.579179 0.698242 0.585044 0.702148 0.582111
0 0.317383 0.577713 0.315430 0.574780 0.313477 0.580645
0 0.421875 0.573314 0.421875 0.580645 0.423828 0.580645 0.423828 0.573314
0 0.556641 0.570381 0.556641 0.577713 0.558594 0.577713 0.559570 0.570381
0 0.891602 0.570381 0.896484 0.577713 0.900391 0.570381
0 0.540039 0.558651 0.537109 0.563050 0.540039 0.567449
0 0.320312 0.558651 0.322266 0.567449 0.324219 0.565982 0.324219 0.558651
0 0.417969 0.554252 0.416016 0.551320 0.414062 0.557185
0 0.782227 0.546921 0.782227 0.554252 0.787109 0.557185 0.787109 0.546921
0 0.685547 0.545455 0.684570 0.549853 0.687500 0.552786
0 0.557617 0.532258 0.561523 0.538123 0.561523 0.532258
0 0.407227 0.530792 0.406250 0.535191 0.409180 0.538123 0.411133 0.535191
0 0.417969 0.521994 0.414062 0.521994 0.414062 0.526393 0.417969 0.526393
0 0.333984 0.520528 0.332031 0.526393 0.334961 0.524927
0 0.776367 0.517595 0.776367 0.524927 0.780273 0.526393 0.780273 0.517595
0 0.425781 0.513196 0.424805 0.519062 0.427734 0.519062
0 0.548828 0.511730 0.544922 0.511730 0.546875 0.519062
0 0.324219 0.511730 0.319336 0.511730 0.320312 0.519062
0 0.691406 0.508798 0.693359 0.514663 0.695312 0.511730
0 0.775391 0.498534 0.776367 0.502933 0.780273 0.501466
0 0.319336 0.494135 0.316406 0.498534 0.318359 0.507331 0.321289 0.501466
0 0.564453 0.473607 0.559570 0.480938 0.559570 0.488270 0.562500 0.488270
0 0.328125 0.475073 0.329102 0.479472 0.333008 0.478006 0.331055 0.473607
0 0.427734 0.466276 0.424805 0.469208 0.425781 0.476540 0.428711 0.472141
0 0.696289 0.464809 0.691406 0.466276 0.693359 0.473607 0.696289 0.472141
0 0.693359 0.438416 0.691406 0.444282 0.696289 0.445748
0 0.328125 0.423754 0.328125 0.431085 0.330078 0.431085 0.330078 0.423754
0 0.432617 0.368035 0.434570 0.373900 0.436523 0.370968
0 0.556641 0.357771 0.555664 0.365103 0.558594 0.365103
0 0.703125 0.353372 0.701172 0.356305 0.703125 0.360704 0.705078 0.359238
0 0.329102 0.344575 0.328125 0.350440 0.333008 0.351906 0.333008 0.347507
0 0.438477 0.338710 0.437500 0.347507 0.442383 0.346041 0.442383 0.338710
0 0.349609 0.329912 0.344727 0.335777 0.348633 0.338710
0 0.704102 0.325513 0.708008 0.331378 0.708984 0.326979
0 0.433594 0.321114 0.429688 0.325513 0.433594 0.325513
0 0.223633 0.321114 0.219727 0.319648 0.218750 0.326979
0 0.218750 0.302053 0.218750 0.309384 0.220703 0.309384 0.221680 0.302053
0 0.441406 0.282991 0.440430 0.288856 0.443359 0.290323 0.445312 0.285924
0 0.335938 0.263930 0.339844 0.268328 0.339844 0.262463
0 0.356445 0.258065 0.354492 0.266862 0.358398 0.268328
0 0.360352 0.244868 0.362305 0.249267 0.365234 0.247801 0.365234 0.243402
0 0.352539 0.233138 0.349609 0.234604 0.350586 0.239003
0 0.240234 0.230205 0.237305 0.231672 0.238281 0.239003 0.235352 0.244868 0.239258 0.244868
0 0.344727 0.215543 0.344727 0.219941 0.348633 0.221408 0.349609 0.217009
0 0.243164 0.203812 0.241211 0.211144 0.244141 0.209677
0 0.359375 0.174487 0.359375 0.181818 0.361328 0.181818 0.362305 0.174487
0 0.258789 0.155425 0.255859 0.156891 0.256836 0.162757
0 0.254883 0.123167 0.250000 0.129032 0.250977 0.136364 0.255859 0.127566
0 0.376953 0.121701 0.375000 0.130499 0.377930 0.127566
0 0.370117 0.104106 0.371094 0.115836 0.372070 0.105572
0 0.475586 0.102639 0.477539 0.108504 0.478516 0.104106
0 0.264648 0.099707 0.259766 0.108504 0.264648 0.107038
0 0.258789 0.086510 0.256836 0.086510 0.256836 0.093842
0 0.272461 0.065982 0.269531 0.070381 0.271484 0.077713 0.268555 0.083578 0.275391 0.070381
0 0.397461 0.063050 0.396484 0.068915 0.400391 0.068915