0 0.181641 0.719941 0.181641 0.725806 0.196289 0.743402 0.232422 0.766862 0.274414 0.812317 0.291992 0.822581 0.298828 0.834311 0.320312 0.854839 0.335938 0.859238 0.335938 0.853372 0.327148 0.837243 0.315430 0.828446 0.295898 0.802053 0.281250 0.791789 0.266602 0.771261 0.250000 0.760997 0.233398 0.740469 0.197266 0.718475
0 0.390625 0.585044 0.389648 0.590909 0.393555 0.602639 0.404297 0.614370 0.444336 0.681818 0.454102 0.705279 0.468750 0.727273 0.473633 0.743402 0.486328 0.758065 0.491211 0.758065 0.492188 0.749267 0.483398 0.733138 0.481445 0.722874 0.457031 0.683284 0.446289 0.658358 0.401367 0.590909
0 0.254883 0.552786 0.270508 0.576246 0.278320 0.580645 0.330078 0.639296 0.335938 0.642229 0.372070 0.684751 0.375000 0.692082 0.386719 0.702346 0.416016 0.740469 0.424805 0.759531 0.431641 0.766862 0.440430 0.763930 0.436523 0.744868 0.411133 0.703812 0.388672 0.674487 0.382812 0.671554 0.371094 0.652493 0.350586 0.633431 0.336914 0.612903 0.279297 0.558651 0.274414 0.558651 0.263672 0.548387 0.257812 0.548387
0 0.461914 0.453079 0.472656 0.473607 0.471680 0.486804 0.489258 0.526393 0.513672 0.567449 0.527344 0.602639 0.531250 0.605572 0.533203 0.615836 0.546875 0.637830 0.548828 0.648094 0.571289 0.692082 0.581055 0.699413 0.584961 0.693548 0.581055 0.674487 0.577148 0.670088 0.575195 0.656891 0.547852 0.595308 0.545898 0.585044 0.533203 0.567449 0.521484 0.536657 0.475586 0.457478 0.471680 0.461877 0.465820 0.453079
0 0.905273 0.419355 0.912109 0.529326 0.916016 0.560117 0.918945 0.563050 0.919922 0.530792 0.914062 0.457478 0.909180 0.420821
0 0.609375 0.379765 0.607422 0.394428 0.638672 0.469208 0.643555 0.491202 0.643555 0.507331 0.666016 0.570381 0.687500 0.653959 0.698242 0.683284 0.702148 0.684751 0.706055 0.677419 0.705078 0.665689 0.685547 0.576246 0.671875 0.542522 0.670898 0.532258 0.635742 0.420821 0.620117 0.384164
0 0.886719 0.359238 0.884766 0.365103 0.890625 0.406158 0.901367 0.564516 0.901367 0.697947 0.908203 0.705279 0.911133 0.696481 0.911133 0.658358 0.913086 0.656891 0.913086 0.590909 0.909180 0.567449 0.908203 0.513196 0.906250 0.511730 0.905273 0.472141 0.893555 0.372434 0.889648 0.359238
0 0.864258 0.313783 0.860352 0.325513 0.868164 0.388563 0.875000 0.419355 0.880859 0.523460 0.885742 0.546921 0.885742 0.579179 0.891602 0.604106 0.894531 0.598240 0.888672 0.456012 0.881836 0.412023 0.881836 0.391496 0.874023 0.343109 0.874023 0.326979 0.871094 0.316716
0 0.519531 0.312317 0.518555 0.325513 0.546875 0.384164 0.547852 0.392962 0.562500 0.419355 0.577148 0.456012 0.579102 0.467742 0.590820 0.492669 0.593750 0.510264 0.609375 0.557185 0.618164 0.573314 0.621094 0.573314 0.622070 0.561584 0.608398 0.526393 0.590820 0.458944 0.578125 0.429619 0.577148 0.420821 0.562500 0.392962 0.561523 0.384164 0.547852 0.362170 0.530273 0.316716
0 0.817383 0.231672 0.815430 0.233138 0.816406 0.250733 0.834961 0.331378 0.851562 0.439883 0.856445 0.447214 0.857422 0.419355 0.846680 0.362170 0.840820 0.303519 0.827148 0.241935 0.822266 0.233138
0 0.728516 0.225806 0.765625 0.372434 0.772461 0.414956 0.780273 0.436950 0.783203 0.463343 0.795898 0.516129 0.807617 0.631965 0.810547 0.639296 0.813477 0.639296 0.815430 0.630499 0.813477 0.567449 0.795898 0.450147 0.782227 0.404692 0.775391 0.359238 0.760742 0.325513 0.744141 0.256598
0 0.692383 0.180352 0.690430 0.183284 0.692383 0.199413 0.731445 0.315249 0.752930 0.407625 0.760742 0.428152 0.790039 0.589443 0.797852 0.662757 0.804688 0.670088 0.806641 0.653959 0.795898 0.568915 0.764648 0.390029 0.744141 0.306452 0.714844 0.211144 0.700195 0.181818
0 0.621094 0.140762 0.624023 0.156891 0.656250 0.225806 0.656250 0.231672 0.680664 0.294721 0.687500 0.325513 0.703125 0.357771 0.722656 0.432551 0.727539 0.438416 0.729492 0.426686 0.707031 0.346041 0.700195 0.304985 0.687500 0.272727 0.684570 0.256598 0.649414 0.174487 0.638672 0.161290 0.629883 0.140762