0 0.573242 0.724340 0.563477 0.725806 0.562500 0.730205
0 0.408203 0.705279 0.400391 0.715543 0.406250 0.712610
0 0.524414 0.702346 0.524414 0.706745 0.519531 0.709677 0.526367 0.714076 0.529297 0.705279
0 0.419922 0.697947 0.411133 0.702346 0.411133 0.706745
0 0.421875 0.692082 0.421875 0.696481 0.425781 0.696481
0 0.303711 0.658358 0.306641 0.659824 0.309570 0.655425
0 0.327148 0.643695 0.323242 0.648094 0.326172 0.649560
0 0.230469 0.636364 0.223633 0.634897 0.224609 0.639296
0 0.285156 0.623167 0.289062 0.626100 0.292969 0.621701 0.288086 0.618768
0 0.378906 0.611437 0.375977 0.618768 0.379883 0.615836
0 0.316406 0.605572 0.310547 0.612903 0.313477 0.617302 0.314453 0.609971 0.318359 0.608504
0 0.300781 0.576246 0.291016 0.576246 0.287109 0.580645
0 0.287109 0.573314 0.281250 0.574780 0.281250 0.580645
0 0.181641 0.524927 0.186523 0.533724 0.185547 0.526393
0 0.171875 0.489736 0.172852 0.495601 0.175781 0.491202 0.177734 0.497067 0.179688 0.495601 0.177734 0.489736