0 0.624023 0.766862 0.615234 0.769795 0.610352 0.782991 0.615234 0.782991
0 0.780273 0.673021 0.776367 0.671554 0.766602 0.693548 0.771484 0.693548
0 0.476562 0.653959 0.471680 0.653959 0.468750 0.661290 0.473633 0.662757
0 0.471680 0.634897 0.468750 0.634897 0.465820 0.646628 0.470703 0.642229
0 0.812500 0.629032 0.812500 0.636364 0.806641 0.651026 0.803711 0.652493 0.800781 0.645161 0.796875 0.652493 0.796875 0.662757 0.791992 0.668622 0.791992 0.673021 0.796875 0.675953 0.787109 0.703812 0.791016 0.725806 0.785156 0.734604 0.784180 0.749267 0.792969 0.750733 0.798828 0.744868 0.800781 0.749267 0.797852 0.760997 0.802734 0.763930 0.819336 0.740469 0.822266 0.741935 0.812500 0.766862 0.812500 0.788856 0.810547 0.790323 0.812500 0.797654 0.803711 0.816716 0.808594 0.815249 0.811523 0.804985 0.817383 0.800587 0.815430 0.816716 0.822266 0.816716 0.819336 0.822581 0.822266 0.829912 0.827148 0.824047 0.828125 0.812317 0.833984 0.810850 0.834961 0.794721 0.839844 0.788856 0.840820 0.781525 0.835938 0.781525 0.834961 0.788856 0.830078 0.797654 0.828125 0.796188 0.831055 0.771261 0.836914 0.760997 0.833984 0.749267 0.836914 0.741935 0.836914 0.724340 0.830078 0.718475 0.833008 0.708211 0.829102 0.705279 0.821289 0.718475 0.815430 0.721408 0.809570 0.714076 0.814453 0.696481 0.801758 0.703812 0.811523 0.675953 0.809570 0.668622 0.812500 0.656891 0.818359 0.646628 0.818359 0.640762 0.814453 0.637830 0.815430 0.629032
0 0.643555 0.614370 0.625000 0.639296 0.620117 0.653959 0.622070 0.656891 0.619141 0.668622 0.622070 0.673021 0.620117 0.686217 0.607422 0.703812 0.607422 0.718475 0.616211 0.727273 0.607422 0.744868 0.617188 0.746334 0.624023 0.740469 0.625977 0.733138 0.632812 0.730205 0.625977 0.760997 0.629883 0.759531 0.632812 0.765396 0.640625 0.756598 0.644531 0.762463 0.643555 0.769795 0.634766 0.780059 0.635742 0.787390 0.625977 0.799120 0.620117 0.818182 0.622070 0.824047 0.627930 0.821114 0.634766 0.829912 0.639648 0.829912 0.645508 0.813783 0.646484 0.799120 0.658203 0.778592 0.659180 0.769795 0.656250 0.765396 0.661133 0.753666 0.658203 0.747801 0.650391 0.760997 0.643555 0.760997 0.664062 0.712610 0.656250 0.708211 0.648438 0.722874 0.645508 0.721408 0.646484 0.715543 0.639648 0.718475 0.643555 0.703812 0.650391 0.703812 0.650391 0.697947 0.659180 0.683284 0.656250 0.677419 0.654297 0.684751 0.647461 0.692082 0.648438 0.684751 0.643555 0.684751 0.643555 0.677419 0.666016 0.639296 0.665039 0.633431 0.659180 0.637830 0.656250 0.629032 0.653320 0.633431 0.649414 0.629032 0.641602 0.637830 0.639648 0.630499 0.642578 0.627566
0 0.780273 0.598240 0.772461 0.605572 0.771484 0.612903 0.780273 0.605572
0 0.481445 0.593842 0.475586 0.596774 0.476562 0.587977 0.469727 0.592375 0.453125 0.617302 0.451172 0.627566 0.444336 0.634897 0.437500 0.651026 0.455078 0.629032 0.456055 0.633431 0.448242 0.652493 0.453125 0.651026 0.469727 0.615836 0.474609 0.614370 0.475586 0.620235 0.478516 0.620235 0.483398 0.612903
0 0.662109 0.564516 0.656250 0.568915 0.651367 0.582111 0.656250 0.580645
0 0.499023 0.560117 0.495117 0.560117 0.490234 0.568915 0.488281 0.580645 0.496094 0.571848
0 0.650391 0.508798 0.647461 0.511730 0.640625 0.502933 0.631836 0.517595 0.625000 0.538123 0.618164 0.535191 0.613281 0.543988 0.618164 0.567449 0.615234 0.573314 0.607422 0.573314 0.602539 0.582111 0.604492 0.605572 0.608398 0.604106 0.609375 0.612903 0.597656 0.626100 0.599609 0.630499 0.597656 0.642229 0.601562 0.643695 0.613281 0.620235 0.629883 0.612903 0.632812 0.605572 0.630859 0.598240 0.640625 0.580645 0.648438 0.573314 0.649414 0.560117 0.641602 0.564516 0.640625 0.555718 0.645508 0.548387 0.642578 0.536657 0.645508 0.533724 0.646484 0.521994 0.653320 0.511730
0 0.489258 0.431085 0.472656 0.447214 0.468750 0.454545 0.468750 0.464809 0.463867 0.466276 0.459961 0.475073 0.463867 0.497067 0.459961 0.510264 0.451172 0.520528 0.450195 0.535191 0.456055 0.539589 0.467773 0.533724 0.468750 0.539589 0.448242 0.579179 0.459961 0.577713 0.440430 0.607038 0.441406 0.612903 0.452148 0.601173 0.457031 0.586510 0.472656 0.568915 0.481445 0.563050 0.479492 0.573314 0.483398 0.576246 0.494141 0.548387 0.494141 0.543988 0.484375 0.539589 0.487305 0.526393 0.484375 0.526393 0.480469 0.535191 0.476562 0.533724 0.499023 0.486804 0.499023 0.478006 0.490234 0.485337 0.481445 0.482405 0.484375 0.470674 0.492188 0.463343 0.490234 0.453079 0.492188 0.442815 0.489258 0.439883
0 0.371094 0.410557 0.363281 0.410557 0.358398 0.417889 0.354492 0.417889 0.351562 0.410557 0.328125 0.442815 0.328125 0.456012 0.323242 0.464809 0.318359 0.488270 0.330078 0.491202 0.340820 0.482405 0.343750 0.469208 0.340820 0.464809 0.346680 0.447214 0.364258 0.426686
0 0.352539 0.372434 0.347656 0.372434 0.340820 0.384164 0.329102 0.391496 0.337891 0.397361 0.325195 0.422287 0.336914 0.416422 0.348633 0.401760 0.349609 0.395894 0.346680 0.391496 0.352539 0.379765
0 0.239258 0.319648 0.228516 0.316716 0.210938 0.329912 0.210938 0.335777 0.206055 0.343109 0.230469 0.331378
0 0.252930 0.302053 0.245117 0.306452 0.242188 0.313783 0.247070 0.312317
0 0.211914 0.240469 0.204102 0.249267 0.206055 0.252199
0 0.296875 0.184751 0.269531 0.202346 0.266602 0.206745 0.268555 0.211144 0.257812 0.219941 0.255859 0.228739 0.248047 0.234604 0.247070 0.247801 0.237305 0.259531 0.237305 0.266862 0.232422 0.269795 0.224609 0.294721 0.206055 0.310850 0.207031 0.318182 0.218750 0.312317 0.228516 0.300587 0.233398 0.304985 0.246094 0.299120 0.252930 0.290323 0.249023 0.282991 0.261719 0.275660 0.262695 0.269795 0.278320 0.249267 0.253906 0.259531 0.247070 0.268328 0.240234 0.269795 0.240234 0.263930 0.274414 0.237537 0.276367 0.225806 0.295898 0.206745 0.296875 0.199413 0.290039 0.206745 0.284180 0.206745 0.295898 0.190616
0 0.318359 0.173021 0.307617 0.178886 0.302734 0.192082