0 0.777344 0.973607 0.771484 0.973607 0.768555 0.969208 0.764648 0.976540 0.747070 0.983871
0 0.795898 0.948680 0.791992 0.953079 0.795898 0.953079
0 0.818359 0.929619 0.812500 0.931085 0.806641 0.939883 0.802734 0.938416 0.800781 0.951613 0.803711 0.951613 0.805664 0.944282
0 0.848633 0.888563 0.844727 0.887097 0.842773 0.891496 0.835938 0.892962 0.823242 0.907625 0.822266 0.913490 0.827148 0.913490 0.828125 0.920821 0.836914 0.917889 0.840820 0.913490 0.840820 0.901760
0 0.861328 0.878299 0.851562 0.888563 0.846680 0.898827 0.847656 0.904692 0.852539 0.900293
0 0.583008 0.835777 0.572266 0.832845 0.556641 0.848974 0.553711 0.846041 0.550781 0.850440 0.552734 0.859238 0.549805 0.863636 0.541016 0.865103 0.538086 0.872434 0.552734 0.866569 0.557617 0.859238 0.577148 0.853372 0.583984 0.844575 0.580078 0.840176
0 0.608398 0.816716 0.604492 0.813783 0.593750 0.821114 0.590820 0.838710 0.599609 0.831378 0.600586 0.821114
0 0.902344 0.816716 0.891602 0.815249 0.889648 0.812317 0.891602 0.807918 0.882812 0.816716 0.877930 0.829912 0.869141 0.841642 0.871094 0.844575 0.875977 0.835777 0.878906 0.837243 0.875000 0.853372 0.869141 0.862170 0.874023 0.862170 0.880859 0.850440 0.881836 0.859238 0.886719 0.859238 0.889648 0.837243 0.897461 0.829912 0.900391 0.834311 0.903320 0.829912 0.900391 0.824047
0 0.637695 0.794721 0.628906 0.793255 0.613281 0.813783 0.616211 0.816716 0.625000 0.813783 0.625977 0.821114 0.629883 0.819648 0.629883 0.812317 0.637695 0.800587
0 0.662109 0.768328 0.654297 0.768328 0.644531 0.780059 0.644531 0.790323 0.640625 0.793255 0.646484 0.799120 0.644531 0.802053 0.649414 0.803519 0.657227 0.790323 0.664062 0.787390 0.666016 0.774194
0 0.933594 0.766862 0.922852 0.771261 0.920898 0.778592 0.916016 0.778592 0.915039 0.784457 0.906250 0.791789 0.907227 0.800587 0.914062 0.803519 0.910156 0.815249 0.913086 0.816716 0.916992 0.807918 0.920898 0.812317 0.926758 0.803519 0.921875 0.800587 0.924805 0.781525 0.928711 0.781525 0.928711 0.788856 0.934570 0.787390 0.931641 0.777126
0 0.696289 0.718475 0.687500 0.724340 0.684570 0.736070 0.671875 0.747801 0.668945 0.766862 0.674805 0.771261 0.672852 0.778592 0.676758 0.778592 0.685547 0.760997 0.687500 0.763930 0.692383 0.760997 0.696289 0.746334 0.702148 0.740469 0.702148 0.734604 0.696289 0.731672
0 0.983398 0.680352 0.981445 0.677419 0.977539 0.681818 0.972656 0.680352 0.971680 0.674487 0.974609 0.668622 0.969727 0.668622 0.965820 0.674487 0.965820 0.683284 0.957031 0.695015 0.958984 0.699413 0.951172 0.700880 0.944336 0.714076 0.944336 0.719941 0.950195 0.717009 0.959961 0.699413 0.962891 0.703812 0.953125 0.719941 0.954102 0.722874 0.951172 0.722874 0.953125 0.725806 0.935547 0.739003 0.927734 0.750733 0.936523 0.746334 0.937500 0.759531 0.943359 0.756598 0.946289 0.760997 0.948242 0.749267 0.953125 0.750733 0.958008 0.746334 0.958984 0.734604 0.962891 0.736070 0.965820 0.730205 0.964844 0.724340 0.962891 0.727273 0.959961 0.721408 0.962891 0.711144 0.975586 0.702346 0.971680 0.695015 0.980469 0.689150
0 0.269531 0.662757 0.269531 0.667155 0.273438 0.668622 0.272461 0.673021 0.286133 0.670088 0.291992 0.680352 0.299805 0.680352 0.302734 0.684751 0.327148 0.678886 0.324219 0.673021 0.315430 0.673021 0.314453 0.668622 0.300781 0.674487 0.298828 0.668622 0.288086 0.662757 0.281250 0.662757 0.280273 0.667155
0 0.771484 0.658358 0.766602 0.656891 0.764648 0.662757 0.758789 0.658358 0.752930 0.667155 0.756836 0.668622 0.755859 0.673021 0.741211 0.675953 0.739258 0.695015 0.734375 0.693548 0.734375 0.681818 0.731445 0.684751 0.724609 0.680352 0.716797 0.687683 0.703125 0.708211 0.704102 0.718475 0.708984 0.722874 0.707031 0.730205 0.713867 0.722874 0.718750 0.725806 0.727539 0.717009 0.729492 0.709677 0.746094 0.693548 0.746094 0.687683 0.750977 0.680352 0.755859 0.678886 0.756836 0.673021 0.762695 0.671554 0.765625 0.661290
0 0.315430 0.658358 0.331055 0.675953 0.348633 0.674487 0.358398 0.670088 0.353516 0.662757 0.359375 0.661290 0.359375 0.653959 0.357422 0.652493 0.349609 0.662757 0.342773 0.656891 0.333984 0.662757 0.325195 0.652493
0 0.385742 0.649560 0.397461 0.651026 0.389648 0.645161
0 0.988281 0.629032 0.985352 0.639296 0.989258 0.643695
0 0.439453 0.621701 0.437500 0.620235 0.427734 0.633431 0.421875 0.630499 0.422852 0.637830 0.426758 0.639296 0.431641 0.629032 0.434570 0.631965
0 0.783203 0.605572 0.776367 0.605572 0.771484 0.618768 0.766602 0.621701 0.766602 0.629032 0.770508 0.629032 0.772461 0.620235 0.780273 0.623167 0.780273 0.611437
0 0.798828 0.582111 0.789062 0.587977 0.785156 0.599707 0.793945 0.598240 0.793945 0.604106 0.788086 0.614370 0.793945 0.615836 0.801758 0.604106 0.803711 0.593842 0.796875 0.589443
0 0.852539 0.536657 0.849609 0.545455 0.853516 0.542522
0 0.580078 0.511730 0.572266 0.513196 0.568359 0.524927 0.574219 0.520528 0.577148 0.526393 0.578125 0.521994 0.575195 0.517595
0 0.556641 0.513196 0.546875 0.513196 0.543945 0.508798 0.539062 0.517595 0.532227 0.520528 0.518555 0.554252 0.512695 0.551320 0.505859 0.560117 0.500000 0.558651 0.490234 0.564516 0.487305 0.571848 0.491211 0.580645 0.485352 0.583578 0.488281 0.587977 0.487305 0.592375 0.484375 0.592375 0.483398 0.586510 0.473633 0.593842 0.468750 0.586510 0.465820 0.590909 0.461914 0.587977 0.453125 0.596774 0.452148 0.605572 0.446289 0.601173 0.441406 0.605572 0.449219 0.605572 0.447266 0.618768 0.450195 0.618768 0.454102 0.609971 0.458008 0.609971 0.456055 0.602639 0.462891 0.592375 0.465820 0.601173 0.461914 0.605572 0.484375 0.604106 0.489258 0.599707 0.489258 0.592375 0.493164 0.586510 0.493164 0.595308 0.496094 0.595308 0.500977 0.585044 0.505859 0.586510 0.510742 0.573314 0.515625 0.576246 0.523438 0.571848 0.535156 0.552786 0.551758 0.538123 0.552734 0.533724 0.561523 0.530792 0.561523 0.526393 0.557617 0.527859 0.554688 0.521994
0 0.621094 0.475073 0.618164 0.473607 0.612305 0.483871 0.617188 0.486804 0.621094 0.482405
0 0.852539 0.470674 0.844727 0.469208 0.844727 0.478006 0.846680 0.476540 0.847656 0.482405 0.841797 0.485337 0.838867 0.480938 0.838867 0.488270 0.832031 0.494135 0.832031 0.501466 0.837891 0.502933 0.835938 0.504399 0.837891 0.514663 0.825195 0.516129 0.826172 0.529326 0.819336 0.526393 0.816406 0.532258 0.822266 0.539589 0.816406 0.549853 0.819336 0.561584 0.810547 0.574780 0.812500 0.580645 0.807617 0.586510 0.807617 0.590909 0.815430 0.586510 0.813477 0.599707 0.821289 0.590909 0.817383 0.582111 0.827148 0.580645 0.828125 0.564516 0.840820 0.552786 0.840820 0.546921 0.833008 0.545455 0.836914 0.538123 0.834961 0.535191 0.840820 0.530792 0.840820 0.520528 0.845703 0.516129 0.846680 0.507331 0.843750 0.502933 0.849609 0.501466 0.855469 0.486804 0.850586 0.482405 0.853516 0.476540
0 0.895508 0.454545 0.890625 0.457478 0.887695 0.454545 0.884766 0.464809 0.878906 0.470674 0.877930 0.482405 0.859375 0.524927 0.871094 0.510264
0 0.671875 0.414956 0.666016 0.414956 0.662109 0.422287 0.657227 0.419355 0.652344 0.432551 0.644531 0.432551 0.644531 0.441349 0.635742 0.447214 0.631836 0.458944 0.627930 0.461877 0.628906 0.467742 0.632812 0.467742 0.640625 0.448680 0.643555 0.450147 0.647461 0.444282 0.658203 0.439883 0.656250 0.434018 0.663086 0.425220 0.667969 0.426686 0.666016 0.422287
0 0.875000 0.409091 0.871094 0.417889 0.866211 0.419355 0.865234 0.432551 0.859375 0.438416 0.862305 0.448680 0.857422 0.450147 0.856445 0.463343 0.860352 0.467742 0.864258 0.467742 0.870117 0.454545 0.874023 0.454545 0.874023 0.447214 0.876953 0.444282 0.874023 0.435484 0.877930 0.426686 0.875000 0.420821 0.876953 0.416422
0 0.237305 0.384164 0.240234 0.390029 0.244141 0.390029 0.245117 0.385630 0.250000 0.388563 0.249023 0.381232 0.243164 0.385630 0.240234 0.381232
0 0.286133 0.366569 0.275391 0.368035 0.274414 0.372434 0.269531 0.373900 0.278320 0.375367
0 0.702148 0.348974 0.696289 0.351906 0.694336 0.348974 0.687500 0.356305 0.681641 0.353372 0.680664 0.348974 0.669922 0.348974 0.665039 0.338710 0.659180 0.340176 0.650391 0.366569 0.653320 0.370968 0.650391 0.375367 0.640625 0.372434 0.631836 0.384164 0.633789 0.388563 0.640625 0.390029 0.640625 0.403226 0.624023 0.417889 0.622070 0.414956 0.616211 0.419355 0.618164 0.429619 0.612305 0.436950 0.607422 0.434018 0.598633 0.450147 0.579102 0.457478 0.576172 0.476540 0.560547 0.489736 0.565430 0.507331 0.571289 0.507331 0.580078 0.497067 0.581055 0.492669 0.578125 0.494135 0.578125 0.488270 0.587891 0.491202 0.599609 0.482405 0.602539 0.473607 0.608398 0.476540 0.612305 0.467742 0.608398 0.460411 0.613281 0.445748 0.618164 0.454545 0.615234 0.447214 0.619141 0.445748 0.617188 0.444282 0.619141 0.439883 0.624023 0.441349 0.628906 0.429619 0.632812 0.439883 0.635742 0.431085 0.642578 0.426686 0.644531 0.417889 0.650391 0.417889 0.661133 0.403226 0.656250 0.398827 0.656250 0.394428 0.664062 0.397361 0.667969 0.390029 0.659180 0.384164 0.665039 0.370968 0.670898 0.373900 0.674805 0.369501 0.679688 0.375367 0.686523 0.370968 0.697266 0.351906
0 0.933594 0.338710 0.928711 0.337243 0.920898 0.360704 0.916016 0.356305 0.913086 0.366569 0.907227 0.362170 0.903320 0.375367 0.897461 0.372434 0.897461 0.390029 0.891602 0.391496 0.888672 0.398827 0.891602 0.404692 0.891602 0.417889 0.885742 0.419355 0.888672 0.431085 0.893555 0.425220 0.890625 0.410557 0.899414 0.409091 0.904297 0.403226 0.906250 0.420821 0.903320 0.426686 0.906250 0.426686 0.906250 0.419355 0.911133 0.416422 0.912109 0.403226 0.917969 0.394428 0.916016 0.387097 0.920898 0.385630 0.920898 0.376833 0.930664 0.360704
0 0.487305 0.263930 0.485352 0.262463 0.477539 0.277126 0.462891 0.281525 0.456055 0.290323 0.451172 0.291789 0.447266 0.285924 0.438477 0.290323 0.434570 0.300587 0.428711 0.300587 0.426758 0.306452 0.416992 0.309384 0.415039 0.316716 0.409180 0.316716 0.408203 0.321114 0.400391 0.325513 0.403320 0.331378 0.391602 0.337243 0.394531 0.341642 0.390625 0.344575 0.387695 0.340176 0.387695 0.346041 0.399414 0.346041 0.400391 0.341642 0.411133 0.337243 0.421875 0.325513 0.430664 0.324047 0.432617 0.318182 0.442383 0.313783 0.448242 0.304985 0.460938 0.299120 0.474609 0.281525 0.486328 0.275660
0 0.433594 0.244868 0.424805 0.244868 0.421875 0.250733 0.409180 0.255132 0.412109 0.263930 0.409180 0.269795 0.406250 0.268328 0.408203 0.266862 0.406250 0.262463 0.396484 0.278592 0.381836 0.281525 0.381836 0.291789 0.376953 0.297654 0.373047 0.293255 0.374023 0.303519 0.363281 0.302053 0.363281 0.307918 0.370117 0.310850 0.367188 0.319648 0.349609 0.329912 0.344727 0.328446 0.342773 0.337243 0.335938 0.338710 0.334961 0.348974 0.328125 0.347507 0.332031 0.359238 0.342773 0.362170 0.342773 0.356305 0.338867 0.357771 0.336914 0.348974 0.342773 0.347507 0.342773 0.340176 0.350586 0.332845 0.355469 0.338710 0.357422 0.328446 0.371094 0.328446 0.369141 0.325513 0.373047 0.319648 0.375000 0.324047 0.383789 0.324047 0.387695 0.315249 0.395508 0.315249 0.395508 0.300587 0.400391 0.299120 0.401367 0.288856 0.412109 0.299120 0.413086 0.293255 0.409180 0.285924 0.418945 0.271261 0.421875 0.272727 0.422852 0.284457 0.428711 0.278592 0.424805 0.277126 0.425781 0.272727 0.429688 0.275660 0.436523 0.272727 0.437500 0.263930 0.434570 0.269795 0.428711 0.266862 0.430664 0.258065 0.433594 0.256598 0.430664 0.253666
0 0.324219 0.070381 0.300781 0.067449 0.296875 0.070381 0.295898 0.079179 0.291016 0.074780 0.288086 0.080645 0.281250 0.079179 0.271484 0.087977 0.273438 0.092375 0.293945 0.092375 0.294922 0.085044 0.301758 0.089443
0 0.306641 0.046921 0.295898 0.032258 0.295898 0.027859 0.285156 0.020528 0.285156 0.027859 0.280273 0.035191 0.269531 0.032258 0.265625 0.024927 0.263672 0.032258 0.268555 0.039589 0.267578 0.042522 0.260742 0.042522 0.256836 0.035191 0.247070 0.049853 0.254883 0.045455 0.255859 0.051320 0.250977 0.055718 0.250977 0.060117 0.255859 0.060117 0.257812 0.064516 0.259766 0.061584 0.262695 0.068915 0.265625 0.068915 0.271484 0.060117 0.275391 0.060117 0.281250 0.045455 0.288086 0.055718 0.293945 0.049853