0 0.391602 0.860704 0.396484 0.866569 0.397461 0.860704
0 0.419922 0.835777 0.425781 0.844575 0.433594 0.835777 0.426758 0.841642 0.423828 0.838710 0.424805 0.832845
0 0.427734 0.816716 0.421875 0.821114 0.419922 0.816716 0.421875 0.824047 0.413086 0.825513 0.412109 0.829912 0.416016 0.831378 0.418945 0.826979 0.420898 0.829912
0 0.490234 0.785924 0.488281 0.784457 0.484375 0.791789 0.489258 0.790323
0 0.465820 0.775660 0.462891 0.775660 0.458984 0.787390 0.465820 0.780059
0 0.492188 0.766862 0.489258 0.756598 0.485352 0.755132 0.487305 0.759531 0.481445 0.762463 0.484375 0.769795 0.480469 0.775660 0.476562 0.772727 0.478516 0.766862 0.468750 0.769795 0.468750 0.772727 0.477539 0.780059
0 0.546875 0.728739 0.542969 0.733138 0.538086 0.731672 0.541016 0.734604 0.537109 0.739003 0.539062 0.744868 0.531250 0.744868 0.542969 0.741935
0 0.543945 0.725806 0.548828 0.721408 0.544922 0.721408
0 0.556641 0.709677 0.552734 0.711144 0.555664 0.717009 0.550781 0.721408 0.556641 0.718475
0 0.540039 0.708211 0.532227 0.709677 0.531250 0.714076 0.528320 0.708211 0.530273 0.705279 0.526367 0.705279 0.527344 0.709677 0.519531 0.711144 0.514648 0.719941 0.508789 0.718475 0.508789 0.721408 0.500000 0.715543 0.500000 0.721408 0.502930 0.722874 0.495117 0.728739 0.500977 0.737537 0.497070 0.749267 0.500000 0.750733 0.501953 0.739003 0.505859 0.740469 0.512695 0.730205 0.521484 0.727273 0.524414 0.731672 0.537109 0.717009 0.536133 0.711144 0.540039 0.712610
0 0.557617 0.705279 0.562500 0.712610 0.572266 0.706745 0.569336 0.703812 0.566406 0.708211 0.567383 0.700880
0 0.512695 0.690616 0.515625 0.686217 0.524414 0.687683 0.523438 0.695015 0.515625 0.696481 0.521484 0.703812 0.526367 0.696481 0.530273 0.697947 0.535156 0.686217 0.538086 0.693548 0.540039 0.686217 0.543945 0.686217 0.541992 0.696481 0.546875 0.706745 0.555664 0.699413 0.549805 0.700880 0.546875 0.696481 0.556641 0.693548 0.557617 0.689150 0.561523 0.695015 0.562500 0.690616 0.561523 0.684751 0.556641 0.684751 0.558594 0.677419 0.549805 0.668622 0.544922 0.671554 0.545898 0.681818 0.541016 0.674487 0.533203 0.686217 0.526367 0.686217 0.525391 0.681818 0.530273 0.674487 0.526367 0.675953 0.525391 0.667155 0.516602 0.674487 0.518555 0.678886
0 0.598633 0.664223 0.593750 0.667155 0.593750 0.673021 0.598633 0.670088
0 0.590820 0.658358 0.587891 0.661290 0.588867 0.665689 0.592773 0.662757
0 0.552734 0.664223 0.556641 0.670088 0.559570 0.667155 0.564453 0.671554 0.568359 0.683284 0.574219 0.683284 0.578125 0.675953 0.583984 0.678886 0.581055 0.674487 0.586914 0.671554 0.583984 0.673021 0.581055 0.668622 0.580078 0.674487 0.572266 0.677419 0.571289 0.674487 0.577148 0.671554 0.577148 0.667155 0.569336 0.668622 0.562500 0.661290 0.570312 0.655425 0.568359 0.652493 0.562500 0.656891 0.561523 0.662757
0 0.599609 0.652493 0.597656 0.649560 0.591797 0.655425
0 0.580078 0.621701 0.577148 0.624633 0.574219 0.620235 0.563477 0.630499 0.562500 0.636364 0.567383 0.637830 0.569336 0.627566 0.574219 0.629032 0.575195 0.624633 0.577148 0.627566
0 0.405273 0.611437 0.384766 0.630499 0.372070 0.652493 0.363281 0.656891 0.358398 0.668622 0.344727 0.678886 0.352539 0.674487 0.350586 0.683284 0.355469 0.678886 0.354492 0.673021 0.358398 0.673021 0.365234 0.662757 0.369141 0.670088 0.374023 0.667155 0.371094 0.659824 0.374023 0.652493 0.380859 0.646628 0.386719 0.651026 0.390625 0.643695 0.386719 0.637830 0.387695 0.630499 0.390625 0.629032 0.394531 0.633431 0.393555 0.637830 0.395508 0.636364 0.396484 0.626100
0 0.633789 0.598240 0.629883 0.601173 0.627930 0.598240 0.620117 0.605572 0.625000 0.609971 0.620117 0.614370 0.619141 0.624633 0.615234 0.620235 0.607422 0.629032 0.609375 0.637830 0.604492 0.640762 0.604492 0.648094 0.607422 0.639296 0.611328 0.639296 0.616211 0.629032 0.625000 0.624633 0.627930 0.615836 0.632812 0.612903 0.634766 0.607038 0.630859 0.602639
0 0.521484 0.605572 0.514648 0.614370 0.510742 0.614370 0.509766 0.609971 0.515625 0.598240 0.500977 0.617302 0.500000 0.623167 0.484375 0.645161 0.484375 0.661290 0.506836 0.629032 0.511719 0.627566 0.514648 0.617302 0.520508 0.612903
0 0.617188 0.596774 0.607422 0.598240 0.608398 0.605572 0.599609 0.607038 0.593750 0.624633 0.596680 0.620235 0.601562 0.623167
0 0.366211 0.593842 0.360352 0.596774 0.359375 0.604106 0.343750 0.620235 0.344727 0.623167 0.349609 0.624633 0.356445 0.615836 0.356445 0.609971 0.368164 0.601173
0 0.299805 0.590909 0.287109 0.596774 0.285156 0.593842 0.280273 0.601173 0.269531 0.601173 0.264648 0.611437 0.260742 0.611437 0.254883 0.620235 0.250000 0.620235 0.249023 0.626100 0.241211 0.621701 0.243164 0.629032 0.222656 0.629032 0.226562 0.636364 0.215820 0.652493 0.210938 0.652493 0.212891 0.656891 0.210938 0.662757 0.218750 0.656891 0.220703 0.659824 0.224609 0.651026 0.228516 0.648094 0.230469 0.651026 0.232422 0.643695 0.243164 0.648094 0.248047 0.633431 0.254883 0.633431 0.256836 0.627566 0.264648 0.629032 0.263672 0.624633 0.270508 0.624633 0.269531 0.618768 0.275391 0.620235 0.276367 0.614370 0.286133 0.614370 0.287109 0.609971 0.283203 0.605572 0.292969 0.605572
0 0.380859 0.586510 0.372070 0.592375 0.374023 0.589443 0.372070 0.587977 0.370117 0.599707
0 0.624023 0.583578 0.618164 0.583578 0.615234 0.590909 0.621094 0.590909
0 0.655273 0.573314 0.648438 0.582111 0.637695 0.586510 0.635742 0.599707 0.649414 0.580645 0.655273 0.582111
0 0.361328 0.570381 0.350586 0.580645 0.358398 0.580645
0 0.368164 0.564516 0.363281 0.576246 0.368164 0.571848
0 0.327148 0.551320 0.313477 0.558651 0.311523 0.564516 0.299805 0.573314 0.312500 0.563050 0.324219 0.561584 0.328125 0.557185
0 0.633789 0.546921 0.630859 0.549853 0.625000 0.546921 0.618164 0.558651 0.607422 0.564516 0.604492 0.568915 0.606445 0.571848 0.609375 0.567449 0.610352 0.573314 0.605469 0.579179 0.599609 0.579179 0.587891 0.592375 0.590820 0.596774 0.589844 0.605572 0.579102 0.609971 0.585938 0.612903 0.598633 0.604106 0.601562 0.598240 0.597656 0.598240 0.596680 0.593842 0.605469 0.595308 0.620117 0.568915 0.625000 0.568915 0.627930 0.576246 0.622070 0.564516 0.632812 0.552786
0 0.375977 0.543988 0.375977 0.548387 0.380859 0.548387
0 0.672852 0.535191 0.671875 0.538123 0.674805 0.539589 0.672852 0.545455 0.676758 0.543988
0 0.461914 0.523460 0.454102 0.530792 0.458008 0.530792
0 0.368164 0.520528 0.354492 0.523460 0.354492 0.529326 0.358398 0.530792
0 0.603516 0.489736 0.594727 0.505865 0.601562 0.500000
0 0.443359 0.489736 0.437500 0.492669 0.434570 0.502933 0.427734 0.501466 0.420898 0.511730 0.416992 0.511730 0.413086 0.520528 0.420898 0.516129 0.422852 0.507331 0.428711 0.510264 0.436523 0.502933
0 0.393555 0.489736 0.377930 0.494135 0.370117 0.507331 0.376953 0.505865 0.375977 0.501466 0.379883 0.501466 0.380859 0.505865
0 0.480469 0.492669 0.478516 0.489736 0.471680 0.492669 0.471680 0.488270 0.473633 0.488270 0.465820 0.489736 0.461914 0.497067 0.456055 0.498534 0.441406 0.517595 0.440430 0.521994 0.443359 0.524927 0.436523 0.535191 0.428711 0.535191 0.437500 0.523460 0.428711 0.527859 0.405273 0.558651 0.398438 0.560117 0.390625 0.570381 0.395508 0.568915 0.395508 0.573314 0.387695 0.577713 0.393555 0.577713 0.396484 0.582111 0.395508 0.586510 0.406250 0.568915 0.423828 0.554252 0.435547 0.535191 0.465820 0.510264 0.468750 0.502933
0 0.430664 0.489736 0.416016 0.483871 0.404297 0.492669 0.398438 0.485337 0.401367 0.491202 0.400391 0.497067 0.396484 0.498534 0.396484 0.514663 0.383789 0.530792 0.373047 0.536657 0.372070 0.541056 0.369141 0.539589 0.369141 0.543988 0.366211 0.541056 0.362305 0.554252 0.375000 0.535191 0.387695 0.533724 0.393555 0.520528 0.400391 0.520528 0.407227 0.510264 0.415039 0.510264 0.416992 0.502933 0.423828 0.500000
0 0.412109 0.478006 0.409180 0.478006 0.406250 0.486804
0 0.606445 0.475073 0.577148 0.513196 0.574219 0.508798 0.587891 0.489736 0.575195 0.504399 0.571289 0.514663 0.566406 0.517595 0.568359 0.519062 0.572266 0.511730 0.575195 0.513196 0.567383 0.526393 0.557617 0.527859 0.555664 0.535191 0.550781 0.535191 0.534180 0.558651 0.531250 0.558651 0.522461 0.577713 0.535156 0.557185 0.539062 0.558651 0.537109 0.555718 0.540039 0.552786 0.544922 0.554252 0.543945 0.561584 0.540039 0.564516 0.540039 0.571848 0.535156 0.573314 0.525391 0.587977 0.525391 0.595308 0.530273 0.592375 0.534180 0.596774 0.548828 0.580645 0.552734 0.570381 0.558594 0.565982 0.573242 0.539589 0.577148 0.538123 0.579102 0.530792 0.583984 0.529326 0.592773 0.511730 0.574219 0.539589 0.572266 0.536657 0.570312 0.543988 0.567383 0.542522 0.568359 0.536657 0.587891 0.510264 0.590820 0.498534 0.595703 0.495601
0 0.517578 0.475073 0.510742 0.486804 0.514648 0.486804
0 0.525391 0.464809 0.518555 0.469208 0.516602 0.466276 0.514648 0.470674 0.510742 0.466276 0.509766 0.476540
0 0.554688 0.457478 0.547852 0.460411 0.541992 0.473607 0.545898 0.476540 0.546875 0.472141 0.552734 0.472141 0.558594 0.464809 0.556641 0.461877 0.551758 0.469208 0.548828 0.467742
0 0.624023 0.454545 0.619141 0.450147 0.613281 0.464809 0.624023 0.458944
0 0.583984 0.422287 0.580078 0.431085 0.573242 0.432551 0.570312 0.441349 0.562500 0.442815 0.560547 0.453079 0.564453 0.453079 0.572266 0.441349 0.577148 0.439883
0 0.533203 0.419355 0.526367 0.419355 0.523438 0.426686 0.515625 0.432551 0.516602 0.435484
0 0.436523 0.407625 0.429688 0.416422 0.433594 0.416422
0 0.508789 0.410557 0.504883 0.414956 0.500000 0.413490 0.500977 0.417889 0.497070 0.419355 0.496094 0.410557 0.502930 0.409091 0.498047 0.404692 0.487305 0.419355 0.486328 0.426686 0.483398 0.425220 0.484375 0.414956 0.475586 0.419355 0.473633 0.426686 0.466797 0.426686 0.463867 0.431085 0.464844 0.438416 0.458984 0.432551 0.453125 0.434018 0.452148 0.441349 0.443359 0.436950 0.439453 0.445748 0.436523 0.441349 0.431641 0.442815 0.428711 0.450147 0.436523 0.450147 0.438477 0.458944 0.431641 0.466276 0.434570 0.472141 0.429688 0.473607 0.427734 0.483871 0.434570 0.483871 0.437500 0.488270 0.444336 0.478006 0.452148 0.473607 0.453125 0.464809 0.454102 0.476540 0.465820 0.472141 0.468750 0.461877 0.462891 0.457478 0.468750 0.448680 0.478516 0.441349 0.489258 0.439883 0.507812 0.417889
0 0.585938 0.391496 0.566406 0.407625 0.567383 0.419355 0.561523 0.420821 0.562500 0.410557 0.558594 0.422287 0.556641 0.417889 0.552734 0.419355 0.544922 0.432551 0.552734 0.435484 0.553711 0.429619 0.561523 0.429619 0.574219 0.412023 0.575195 0.407625 0.570312 0.409091 0.572266 0.404692 0.578125 0.406158
0 0.465820 0.384164 0.458984 0.387097 0.456055 0.391496 0.458984 0.397361 0.453125 0.400293 0.453125 0.406158 0.446289 0.413490 0.458984 0.403226 0.461914 0.395894 0.458008 0.394428
0 0.505859 0.363636 0.500000 0.368035 0.499023 0.375367 0.493164 0.376833 0.492188 0.372434 0.496094 0.370968 0.490234 0.372434 0.477539 0.391496 0.463867 0.398827 0.461914 0.407625 0.451172 0.414956 0.456055 0.417889 0.451172 0.419355 0.451172 0.425220 0.457031 0.417889 0.464844 0.425220 0.467773 0.417889 0.460938 0.417889 0.470703 0.412023 0.465820 0.407625 0.466797 0.403226 0.477539 0.403226 0.480469 0.407625 0.486328 0.403226 0.487305 0.397361 0.497070 0.394428 0.500000 0.388563 0.499023 0.375367 0.504883 0.369501
0 0.343750 0.348974 0.323242 0.370968 0.340820 0.359238
0 0.589844 0.340176 0.583984 0.347507 0.589844 0.346041
0 0.521484 0.334311 0.515625 0.332845 0.500000 0.351906 0.507812 0.347507 0.510742 0.338710
0 0.366211 0.328446 0.346680 0.347507 0.353516 0.347507 0.359375 0.338710 0.364258 0.343109
0 0.592773 0.293255 0.578125 0.313783 0.577148 0.319648 0.573242 0.316716 0.570312 0.325513 0.565430 0.325513 0.565430 0.332845 0.556641 0.334311 0.551758 0.340176 0.544922 0.338710 0.545898 0.347507 0.535156 0.348974 0.543945 0.362170 0.536133 0.372434 0.532227 0.372434 0.530273 0.379765 0.524414 0.376833 0.525391 0.388563 0.516602 0.398827 0.530273 0.392962 0.541016 0.379765 0.545898 0.382698 0.552734 0.375367 0.554688 0.378299 0.575195 0.362170 0.578125 0.356305 0.577148 0.344575 0.571289 0.347507 0.561523 0.340176 0.566406 0.331378 0.577148 0.325513 0.578125 0.316716 0.583008 0.315249 0.586914 0.304985 0.592773 0.303519
0 0.272461 0.328446 0.290039 0.318182 0.291016 0.312317 0.312500 0.326979 0.322266 0.319648 0.324219 0.322581 0.325195 0.315249 0.333008 0.312317 0.339844 0.302053 0.331055 0.303519 0.337891 0.296188 0.334961 0.291789 0.323242 0.293255 0.315430 0.287390 0.309570 0.296188 0.306641 0.293255 0.303711 0.296188 0.299805 0.287390 0.293945 0.287390 0.289062 0.293255 0.293945 0.304985 0.287109 0.310850 0.289062 0.315249
0 0.412109 0.290323 0.404297 0.293255 0.405273 0.285924 0.401367 0.287390 0.370117 0.321114 0.370117 0.326979 0.374023 0.325513 0.375977 0.315249 0.383789 0.318182 0.384766 0.313783 0.389648 0.312317 0.390625 0.306452 0.396484 0.302053 0.387695 0.304985 0.394531 0.296188 0.402344 0.294721 0.398438 0.300587 0.400391 0.304985 0.408203 0.299120 0.409180 0.291789 0.412109 0.294721
0 0.589844 0.281525 0.584961 0.280059 0.579102 0.287390 0.584961 0.291789 0.578125 0.293255 0.578125 0.299120 0.571289 0.304985 0.574219 0.303519 0.575195 0.309384 0.578125 0.302053 0.583008 0.302053 0.587891 0.290323 0.592773 0.288856
0 0.354492 0.280059 0.374023 0.281525 0.384766 0.272727 0.369141 0.280059 0.365234 0.278592 0.369141 0.272727
0 0.348633 0.255132 0.333984 0.258065 0.334961 0.272727 0.340820 0.271261 0.341797 0.262463 0.345703 0.265396 0.346680 0.262463 0.343750 0.263930 0.342773 0.259531
0 0.406250 0.236070 0.403320 0.236070 0.403320 0.243402 0.394531 0.246334 0.390625 0.253666 0.393555 0.258065 0.403320 0.252199 0.403320 0.244868 0.408203 0.243402 0.405273 0.241935
0 0.368164 0.236070 0.365234 0.243402 0.356445 0.246334 0.363281 0.253666 0.360352 0.255132 0.368164 0.249267 0.366211 0.244868 0.369141 0.241935
0 0.428711 0.233138 0.414062 0.240469 0.406250 0.250733 0.406250 0.256598 0.412109 0.244868 0.415039 0.247801 0.419922 0.239003 0.428711 0.237537
0 0.433594 0.227273 0.428711 0.227273 0.428711 0.230205 0.431641 0.231672
0 0.468750 0.221408 0.459961 0.222874 0.458008 0.231672 0.448242 0.236070 0.446289 0.246334 0.441406 0.244868 0.436523 0.253666 0.422852 0.262463 0.421875 0.266862 0.430664 0.265396 0.434570 0.269795 0.431641 0.277126 0.425781 0.280059 0.442383 0.266862 0.443359 0.259531 0.452148 0.253666 0.457031 0.244868 0.464844 0.244868 0.467773 0.236070 0.460938 0.243402 0.456055 0.240469 0.458008 0.231672
0 0.427734 0.222874 0.421875 0.219941 0.421875 0.224340 0.412109 0.237537
0 0.418945 0.212610 0.416016 0.212610 0.414062 0.218475 0.417969 0.218475
0 0.408203 0.211144 0.402344 0.219941 0.393555 0.219941 0.397461 0.225806 0.393555 0.225806 0.394531 0.230205 0.390625 0.234604 0.403320 0.228739 0.405273 0.224340 0.403320 0.219941 0.408203 0.215543
0 0.452148 0.208211 0.447266 0.206745 0.438477 0.214076 0.442383 0.218475 0.447266 0.208211
0 0.425781 0.199413 0.425781 0.206745 0.430664 0.205279 0.428711 0.199413
0 0.494141 0.199413 0.487305 0.197947 0.482422 0.208211 0.489258 0.208211
0 0.432617 0.196481 0.432617 0.200880 0.436523 0.200880
0 0.458984 0.192082 0.453125 0.202346 0.458984 0.196481
0 0.484375 0.180352 0.482422 0.195015 0.488281 0.190616 0.499023 0.195015 0.493164 0.192082 0.494141 0.186217 0.490234 0.180352
0 0.429688 0.173021 0.432617 0.181818 0.441406 0.192082 0.440430 0.197947 0.447266 0.192082 0.439453 0.178886 0.433594 0.177419 0.436523 0.173021 0.434570 0.170088
0 0.426758 0.170088 0.422852 0.170088 0.416992 0.178886 0.419922 0.174487 0.423828 0.177419
0 0.508789 0.140762 0.502930 0.140762 0.500977 0.149560
0 0.458984 0.121701 0.453125 0.123167 0.450195 0.130499 0.453125 0.126100 0.458984 0.126100
0 0.507812 0.118768 0.498047 0.117302 0.496094 0.121701 0.490234 0.121701 0.490234 0.124633 0.493164 0.121701 0.494141 0.127566 0.485352 0.127566 0.477539 0.133431 0.479492 0.136364 0.477539 0.142229 0.472656 0.142229 0.472656 0.136364 0.467773 0.145161 0.465820 0.142229 0.461914 0.146628 0.460938 0.161290 0.453125 0.156891 0.444336 0.161290 0.440430 0.156891 0.440430 0.164223 0.446289 0.167155 0.447266 0.162757 0.458008 0.162757 0.456055 0.171554 0.458984 0.173021 0.465820 0.164223 0.462891 0.162757 0.463867 0.151026 0.466797 0.148094 0.477539 0.151026 0.484375 0.140762 0.494141 0.136364 0.494141 0.145161 0.487305 0.155425 0.469727 0.161290 0.471680 0.168622 0.462891 0.174487 0.461914 0.178886 0.454102 0.178886 0.455078 0.174487 0.453125 0.174487 0.453125 0.183284 0.458984 0.187683 0.478516 0.168622 0.483398 0.171554 0.483398 0.165689 0.488281 0.158358 0.492188 0.159824 0.493164 0.152493 0.499023 0.145161 0.499023 0.133431 0.507812 0.124633