0 0.620117 0.730600 0.608398 0.737921 0.601562 0.764275 0.601562 0.792094 0.596680 0.805271 0.593750 0.834553 0.595703 0.841874 0.602539 0.849195 0.609375 0.849195 0.615234 0.843338 0.624023 0.805271 0.625000 0.773060 0.629883 0.756955 0.629883 0.742313
0 0.166992 0.576867 0.155273 0.575403 0.146484 0.591508 0.132812 0.660322 0.101562 0.739385 0.081055 0.815520 0.062500 0.865300 0.052734 0.881406 0.046875 0.904832 0.041016 0.912152 0.028320 0.947291 0.027344 0.957540 0.009766 0.998536 0.038086 0.998536 0.046875 0.979502 0.055664 0.945827 0.067383 0.923865 0.075195 0.896047 0.083984 0.882870 0.104492 0.827233 0.109375 0.799414 0.115234 0.786237 0.124023 0.749634 0.153320 0.679356 0.161133 0.647145 0.164062 0.620791 0.172852 0.594436
0 0.115234 0.543192 0.099609 0.544656 0.089844 0.557833 0.080078 0.590044 0.077148 0.614934 0.073242 0.625183 0.074219 0.644217 0.068359 0.663250 0.037109 0.733529 0.017578 0.790630 0.000000 0.824305 0.000000 0.893119 0.007812 0.868228 0.035156 0.816984 0.058594 0.749634 0.081055 0.704246 0.091797 0.670571 0.106445 0.660322 0.121094 0.628111 0.124023 0.612006 0.124023 0.566618 0.121094 0.550512
0 0.317383 0.508053 0.307617 0.508053 0.300781 0.518302 0.301758 0.540264 0.293945 0.560761 0.280273 0.617862 0.266602 0.727672 0.234375 0.827233 0.219727 0.890190 0.213867 0.929722 0.203125 0.960469 0.194336 0.998536 0.221680 0.997072 0.224609 0.982430 0.236328 0.956076 0.239258 0.932650 0.257812 0.877013 0.271484 0.802343 0.286133 0.759883 0.288086 0.740849 0.302734 0.677892 0.305664 0.614934 0.326172 0.544656 0.324219 0.518302
0 0.281250 0.490483 0.258789 0.481698 0.250000 0.484627 0.243164 0.493411 0.237305 0.540264 0.221680 0.622255 0.199219 0.692533 0.198242 0.707174 0.175781 0.784773 0.145508 0.860908 0.139648 0.888726 0.133789 0.900439 0.123047 0.939971 0.118164 0.978038 0.108398 0.998536 0.162109 0.998536 0.168945 0.969253 0.167969 0.957540 0.170898 0.951684 0.171875 0.935578 0.169922 0.923865 0.157227 0.912152 0.166992 0.877013 0.193359 0.809663 0.212891 0.749634 0.222656 0.702782 0.246094 0.628111 0.251953 0.594436 0.261719 0.597365 0.271484 0.587116 0.279297 0.541728 0.285156 0.532943 0.289062 0.516837 0.289062 0.505124
0 0.730469 0.468521 0.723633 0.472914 0.719727 0.481698 0.714844 0.516837 0.713867 0.573939 0.717773 0.582723 0.729492 0.588580 0.730469 0.601757 0.734375 0.607613 0.747070 0.610542 0.754883 0.594436 0.751953 0.572474 0.751953 0.509517 0.743164 0.478770 0.738281 0.471449
0 0.447266 0.383602 0.439453 0.383602 0.431641 0.395315 0.428711 0.439239 0.421875 0.469985 0.416992 0.594436 0.418945 0.628111 0.413086 0.653001 0.413086 0.683748 0.406250 0.746706 0.401367 0.768668 0.401367 0.784773 0.392578 0.816984 0.386719 0.875549 0.377930 0.900439 0.375000 0.922401 0.367188 0.938507 0.363281 0.964861 0.353516 0.998536 0.383789 0.998536 0.390625 0.948755 0.397461 0.935578 0.401367 0.910688 0.408203 0.891654 0.414062 0.836018 0.424805 0.793558 0.423828 0.781845 0.430664 0.734993 0.438477 0.718887 0.441406 0.704246 0.450195 0.601757 0.447266 0.573939 0.452148 0.556369 0.457031 0.477306 0.456055 0.453880 0.459961 0.437775 0.456055 0.393851
0 0.388672 0.370425 0.378906 0.371889 0.373047 0.382138 0.373047 0.395315 0.377930 0.409956 0.374023 0.433382 0.375000 0.448023 0.369141 0.467057 0.364258 0.505124 0.360352 0.512445 0.355469 0.543192 0.344727 0.581259 0.345703 0.625183 0.338867 0.667643 0.336914 0.702782 0.338867 0.726208 0.328125 0.758419 0.326172 0.775988 0.306641 0.850659 0.294922 0.957540 0.287109 0.998536 0.312500 0.998536 0.333008 0.841874 0.339844 0.825769 0.351562 0.765739 0.362305 0.733529 0.363281 0.667643 0.366211 0.661786 0.370117 0.626647 0.369141 0.582723 0.376953 0.559297 0.382812 0.525622 0.388672 0.513909 0.388672 0.505124 0.400391 0.503660 0.405273 0.497804 0.408203 0.486091 0.410156 0.448023 0.415039 0.431918 0.416016 0.412884 0.409180 0.395315
0 0.515625 0.224012 0.499023 0.232796 0.489258 0.247438 0.485352 0.260615 0.486328 0.276720 0.495117 0.297218 0.497070 0.327965 0.495117 0.387994 0.498047 0.396779 0.493164 0.428990 0.494141 0.455344 0.491211 0.489019 0.494141 0.534407 0.493164 0.585652 0.489258 0.597365 0.478516 0.698389 0.462891 0.754026 0.458984 0.792094 0.455078 0.800878 0.455078 0.818448 0.450195 0.836018 0.452148 0.847731 0.449219 0.874085 0.436523 0.926794 0.434570 0.948755 0.423828 0.998536 0.469727 0.998536 0.479492 0.942899 0.477539 0.866764 0.473633 0.843338 0.484375 0.770132 0.501953 0.707174 0.508789 0.631040 0.515625 0.597365 0.517578 0.541728 0.514648 0.496340 0.520508 0.409956 0.518555 0.392387 0.521484 0.348463 0.530273 0.314788 0.533203 0.286969 0.532227 0.241581 0.524414 0.228404
0 0.559570 0.193265 0.549805 0.194729 0.542969 0.213763 0.548828 0.243045 0.548828 0.257687 0.555664 0.279649 0.555664 0.329429 0.552734 0.351391 0.555664 0.439239 0.548828 0.491947 0.540039 0.528551 0.540039 0.647145 0.534180 0.669107 0.534180 0.686676 0.526367 0.729136 0.516602 0.856515 0.503906 0.900439 0.499023 0.967789 0.492188 0.998536 0.516602 0.998536 0.519531 0.986823 0.526367 0.913616 0.539062 0.871157 0.542969 0.803807 0.546875 0.789165 0.551758 0.740849 0.550781 0.726208 0.556641 0.699854 0.560547 0.655930 0.564453 0.647145 0.563477 0.537335 0.572266 0.500732 0.578125 0.458272 0.579102 0.386530 0.576172 0.355783 0.580078 0.326501 0.578125 0.319180 0.579102 0.275256 0.572266 0.247438 0.567383 0.203514
0 0.820312 0.183016 0.812500 0.194729 0.818359 0.231332 0.818359 0.281113 0.823242 0.292826 0.834961 0.295754 0.840820 0.288433 0.843750 0.275256 0.841797 0.216691 0.834961 0.190337 0.828125 0.183016
0 0.720703 0.120059 0.712891 0.122987 0.708008 0.130307 0.705078 0.149341 0.709961 0.202050 0.706055 0.240117 0.708984 0.253294 0.716797 0.260615 0.727539 0.256223 0.731445 0.244510 0.732422 0.225476 0.745117 0.225476 0.751953 0.209370 0.738281 0.166911 0.738281 0.158126 0.729492 0.127379
0 0.837891 0.000000 0.843750 0.038067 0.840820 0.092240 0.842773 0.128843 0.847656 0.155198 0.848633 0.215227 0.855469 0.237189 0.856445 0.263543 0.862305 0.270864 0.869141 0.272328 0.874023 0.269400 0.878906 0.259151 0.879883 0.240117 0.875977 0.213763 0.881836 0.209370 0.885742 0.199122 0.882812 0.144949 0.872070 0.114202 0.873047 0.049780 0.864258 0.007321 0.866211 0.000000
0 0.806641 0.000000 0.813477 0.051245 0.821289 0.060029 0.829102 0.058565 0.835938 0.046852 0.832031 0.000000
0 0.739258 0.000000 0.743164 0.027818 0.744141 0.117130 0.750000 0.166911 0.754883 0.177160 0.760742 0.270864 0.766602 0.300146 0.762695 0.389458 0.763672 0.423133 0.766602 0.433382 0.763672 0.453880 0.768555 0.481698 0.766602 0.534407 0.759766 0.566618 0.762695 0.576867 0.772461 0.582723 0.778320 0.579795 0.783203 0.571010 0.791016 0.525622 0.791992 0.469985 0.788086 0.450952 0.790039 0.431918 0.787109 0.395315 0.790039 0.351391 0.789062 0.285505 0.784180 0.263543 0.784180 0.231332 0.778320 0.172767 0.772461 0.153734 0.769531 0.125915 0.768555 0.076135 0.765625 0.062958 0.767578 0.027818 0.763672 0.000000
0 0.690430 0.000000 0.693359 0.017570 0.700195 0.026354 0.708984 0.026354 0.715820 0.017570 0.715820 0.000000
0 0.631836 0.000000 0.638672 0.033675 0.646484 0.130307 0.655273 0.162518 0.654297 0.185944 0.659180 0.207906 0.657227 0.237189 0.659180 0.257687 0.665039 0.276720 0.666016 0.297218 0.662109 0.330893 0.662109 0.364568 0.666992 0.402635 0.667969 0.446559 0.665039 0.464129 0.664062 0.540264 0.659180 0.551977 0.658203 0.571010 0.661133 0.607613 0.659180 0.679356 0.652344 0.727672 0.654297 0.739385 0.651367 0.768668 0.640625 0.799414 0.640625 0.811127 0.646484 0.821376 0.657227 0.822840 0.664062 0.814056 0.672852 0.787701 0.684570 0.691069 0.684570 0.625183 0.687500 0.591508 0.685547 0.568082 0.688477 0.553441 0.687500 0.518302 0.692383 0.426061 0.686523 0.368960 0.689453 0.349927 0.686523 0.335286 0.689453 0.289898 0.688477 0.272328 0.682617 0.248902 0.683594 0.207906 0.678711 0.184480 0.679688 0.155198 0.669922 0.121523 0.669922 0.102489 0.658203 0.000000
0 0.588867 0.000000 0.584961 0.008785 0.583984 0.021962 0.586914 0.038067 0.596680 0.054173 0.602539 0.089312 0.607422 0.098097 0.619141 0.098097 0.625977 0.083455 0.619141 0.030747 0.626953 0.017570 0.625977 0.005857 0.623047 0.000000