0 0.255859 0.639824 0.245117 0.641288 0.234375 0.635432 0.218750 0.647145 0.208984 0.661786 0.198242 0.723280 0.188477 0.736457 0.171875 0.774524 0.164062 0.806735 0.148438 0.841874 0.127930 0.874085 0.114258 0.884334 0.086914 0.939971 0.061523 0.970717 0.043945 0.983895 0.040039 0.992679 0.041016 0.998536 0.079102 0.998536 0.115234 0.982430 0.136719 0.959004 0.145508 0.937042 0.152344 0.931186 0.156250 0.920937 0.186523 0.878477 0.201172 0.840410 0.223633 0.797950 0.246094 0.737921 0.258789 0.669107 0.259766 0.647145
0 0.347656 0.629575 0.342773 0.628111 0.335938 0.635432 0.335938 0.647145 0.331055 0.663250 0.330078 0.647145 0.323242 0.636896 0.315430 0.638360 0.307617 0.648609 0.297852 0.702782 0.292969 0.713031 0.284180 0.793558 0.276367 0.819912 0.261719 0.856515 0.260742 0.869693 0.243164 0.904832 0.235352 0.932650 0.224609 0.951684 0.216797 0.976574 0.203125 0.998536 0.271484 0.998536 0.283203 0.982430 0.291016 0.941435 0.313477 0.879941 0.334961 0.803807 0.338867 0.724744 0.353516 0.655930 0.352539 0.639824
0 0.140625 0.626647 0.133789 0.623719 0.127930 0.628111 0.104492 0.670571 0.079102 0.726208 0.046875 0.770132 0.037109 0.775988 0.019531 0.797950 0.012695 0.815520 0.000000 0.831625 0.000000 0.891654 0.016602 0.869693 0.020508 0.857980 0.063477 0.806735 0.079102 0.783309 0.085938 0.758419 0.116211 0.718887 0.125977 0.696925 0.130859 0.672035 0.143555 0.642753
0 0.420898 0.594436 0.398438 0.597365 0.390625 0.603221 0.382812 0.617862 0.383789 0.645681 0.377930 0.696925 0.377930 0.729136 0.369141 0.771596 0.363281 0.834553 0.346680 0.919473 0.334961 0.957540 0.333984 0.973646 0.327148 0.998536 0.364258 0.998536 0.393555 0.869693 0.399414 0.790630 0.408203 0.723280 0.408203 0.658858 0.414062 0.632504 0.416992 0.657394 0.415039 0.713031 0.410156 0.751098 0.411133 0.803807 0.407227 0.836018 0.401367 0.856515 0.397461 0.910688 0.391602 0.928258 0.380859 0.989751 0.380859 0.998536 0.398438 0.998536 0.408203 0.935578 0.413086 0.920937 0.418945 0.857980 0.428711 0.808199 0.426758 0.756955 0.431641 0.720351 0.433594 0.648609 0.428711 0.607613
0 0.487305 0.547584 0.467773 0.556369 0.455078 0.551977 0.450195 0.556369 0.447266 0.566618 0.454102 0.626647 0.449219 0.742313 0.449219 0.830161 0.442383 0.859444 0.440430 0.922401 0.428711 0.969253 0.424805 0.998536 0.462891 0.998536 0.471680 0.967789 0.470703 0.875549 0.477539 0.786237 0.482422 0.771596 0.475586 0.711567 0.477539 0.669107 0.475586 0.626647 0.479492 0.582723 0.486328 0.619327 0.491211 0.721816 0.490234 0.824305 0.486328 0.860908 0.486328 0.897511 0.476562 0.951684 0.480469 0.967789 0.489258 0.969253 0.493164 0.964861 0.500977 0.922401 0.507812 0.815520 0.506836 0.655930 0.496094 0.565154
0 0.505859 0.467057 0.500000 0.472914 0.499023 0.483163 0.514648 0.566618 0.517578 0.641288 0.524414 0.667643 0.523438 0.749634 0.529297 0.805271 0.523438 0.888726 0.527344 0.923865 0.518555 0.950220 0.518555 0.960469 0.522461 0.967789 0.530273 0.969253 0.534180 0.964861 0.539062 0.945827 0.543945 0.942899 0.552734 0.925329 0.556641 0.909224 0.553711 0.822840 0.550781 0.814056 0.549805 0.786237 0.542969 0.762811 0.541992 0.740849 0.546875 0.724744 0.548828 0.691069 0.541992 0.653001 0.538086 0.565154 0.548828 0.614934 0.553711 0.653001 0.551758 0.686676 0.558594 0.727672 0.563477 0.811127 0.568359 0.844802 0.564453 0.890190 0.568359 0.919473 0.576172 0.913616 0.584961 0.893119 0.583984 0.860908 0.588867 0.821376 0.587891 0.771596 0.571289 0.663250 0.569336 0.610542 0.564453 0.592972 0.564453 0.576867 0.550781 0.502196 0.535156 0.471449 0.527344 0.469985 0.519531 0.475842 0.510742 0.467057
0 0.552734 0.366032 0.541016 0.376281 0.536133 0.396779 0.537109 0.409956 0.552734 0.456808 0.558594 0.464129 0.576172 0.534407 0.580078 0.617862 0.588867 0.655930 0.593750 0.704246 0.598633 0.721816 0.602539 0.852123 0.607422 0.859444 0.614258 0.859444 0.620117 0.849195 0.621094 0.827233 0.647461 0.822840 0.655273 0.793558 0.654297 0.758419 0.643555 0.670571 0.641602 0.616398 0.630859 0.600293 0.626953 0.566618 0.618164 0.537335 0.613281 0.505124 0.609375 0.499268 0.606445 0.475842 0.587891 0.395315 0.576172 0.379209
0 0.557617 0.272328 0.551758 0.281113 0.552734 0.292826 0.560547 0.306003 0.596680 0.395315 0.603516 0.405564 0.611328 0.430454 0.616211 0.461201 0.633789 0.521230 0.640625 0.585652 0.647461 0.623719 0.655273 0.648609 0.664062 0.711567 0.667969 0.721816 0.675781 0.723280 0.681641 0.714495 0.683594 0.679356 0.678711 0.645681 0.664062 0.612006 0.658203 0.585652 0.650391 0.515373 0.655273 0.521230 0.667969 0.557833 0.678711 0.601757 0.687500 0.651537 0.688477 0.692533 0.698242 0.699854 0.705078 0.689605 0.704102 0.644217 0.684570 0.550512 0.655273 0.467057 0.641602 0.387994 0.622070 0.345534 0.616211 0.322108 0.607422 0.304539 0.600586 0.275256 0.588867 0.265007 0.566406 0.273792
0 0.560547 0.150805 0.555664 0.159590 0.560547 0.187408 0.587891 0.219619 0.620117 0.306003 0.635742 0.323572 0.648438 0.376281 0.659180 0.404100 0.662109 0.426061 0.676758 0.480234 0.681641 0.489019 0.687500 0.534407 0.697266 0.544656 0.698242 0.556369 0.702148 0.562225 0.712891 0.560761 0.715820 0.553441 0.712891 0.532943 0.721680 0.534407 0.728516 0.525622 0.726562 0.491947 0.696289 0.398243 0.683594 0.374817 0.666016 0.304539 0.652344 0.278184 0.640625 0.244510 0.641602 0.241581 0.652344 0.259151 0.660156 0.262079 0.666992 0.254758 0.666992 0.243045 0.652344 0.221083 0.645508 0.190337 0.638672 0.184480 0.633789 0.185944 0.629883 0.193265 0.635742 0.232796 0.624023 0.207906 0.616211 0.181552 0.607422 0.169839 0.600586 0.147877 0.594727 0.139092 0.582031 0.137628 0.577148 0.144949 0.576172 0.161054 0.568359 0.150805
0 0.557617 0.024890 0.548828 0.036603 0.547852 0.051245 0.554688 0.061493 0.565430 0.098097 0.605469 0.136164 0.611328 0.136164 0.616211 0.128843 0.615234 0.114202 0.593750 0.087848 0.578125 0.051245 0.581055 0.049780 0.593750 0.076135 0.618164 0.109810 0.627930 0.140556 0.643555 0.166911 0.665039 0.225476 0.680664 0.250366 0.699219 0.307467 0.698242 0.313324 0.691406 0.310395 0.685547 0.316252 0.686523 0.341142 0.693359 0.357247 0.700195 0.386530 0.710938 0.411420 0.720703 0.414348 0.725586 0.407028 0.723633 0.390922 0.738281 0.386530 0.741211 0.380673 0.741211 0.368960 0.733398 0.357247 0.719727 0.322108 0.708984 0.272328 0.694336 0.235725 0.678711 0.207906 0.655273 0.146413 0.641602 0.124451 0.631836 0.093704 0.606445 0.058565 0.595703 0.033675 0.585938 0.023426
0 0.585938 0.000000 0.618164 0.043924 0.638672 0.099561 0.671875 0.155198 0.695312 0.210835 0.709961 0.235725 0.720703 0.235725 0.724609 0.226940 0.723633 0.221083 0.731445 0.213763 0.732422 0.202050 0.720703 0.180088 0.710938 0.152269 0.702148 0.139092 0.692383 0.108346 0.667969 0.064422 0.668945 0.060029 0.678711 0.058565 0.688477 0.042460 0.687500 0.026354 0.677734 0.000000 0.650391 0.000000 0.654297 0.030747 0.646484 0.013177 0.636719 0.008785 0.630859 0.000000