0 0.284180 0.443631 0.281250 0.439239 0.273438 0.439239 0.259766 0.458272 0.258789 0.445095 0.254883 0.440703 0.249023 0.442167 0.237305 0.462665 0.209961 0.497804 0.157227 0.541728 0.156250 0.553441 0.159180 0.557833 0.166016 0.557833 0.183594 0.540264 0.218750 0.515373 0.204102 0.532943 0.137695 0.587116 0.134766 0.592972 0.136719 0.603221 0.145508 0.604685 0.220703 0.540264 0.251953 0.500732 0.278320 0.458272 0.283203 0.455344
0 0.348633 0.440703 0.339844 0.437775 0.299805 0.513909 0.274414 0.551977 0.247070 0.571010 0.293945 0.509517 0.313477 0.475842 0.324219 0.448023 0.320312 0.439239 0.312500 0.440703 0.292969 0.483163 0.233398 0.559297 0.232422 0.568082 0.237305 0.575403 0.218750 0.594436 0.218750 0.606149 0.226562 0.610542 0.238281 0.595900 0.268555 0.579795 0.284180 0.565154 0.331055 0.489019 0.348633 0.452416
0 0.209961 0.439239 0.199219 0.437775 0.103516 0.524158 0.078125 0.534407 0.076172 0.547584 0.080078 0.553441 0.106445 0.544656 0.123047 0.531479 0.185547 0.469985 0.209961 0.453880 0.211914 0.448023
0 0.186523 0.421669 0.178711 0.420205 0.159180 0.433382 0.125977 0.468521 0.083984 0.489019 0.070312 0.502196 0.071289 0.513909 0.078125 0.516837 0.091797 0.505124 0.105469 0.502196 0.134766 0.484627 0.165039 0.450952 0.184570 0.439239 0.188477 0.431918
0 0.398438 0.396779 0.389648 0.398243 0.370117 0.453880 0.311523 0.547584 0.310547 0.559297 0.313477 0.563690 0.319336 0.563690 0.324219 0.556369 0.328125 0.562225 0.333008 0.562225 0.359375 0.527086 0.392578 0.459736 0.405273 0.442167 0.406250 0.430454 0.397461 0.424597 0.401367 0.408492
0 0.113281 0.390922 0.108398 0.382138 0.091797 0.390922 0.083984 0.390922 0.025391 0.427526 0.021484 0.436310 0.022461 0.442167 0.031250 0.446559 0.085938 0.411420 0.099609 0.408492 0.108398 0.402635
0 0.470703 0.348463 0.466797 0.345534 0.460938 0.348463 0.444336 0.382138 0.427734 0.443631 0.407227 0.487555 0.405273 0.502196 0.408203 0.509517 0.414062 0.510981 0.422852 0.505124 0.434570 0.489019 0.440430 0.490483 0.450195 0.477306 0.476562 0.390922 0.484375 0.376281 0.479492 0.366032 0.474609 0.366032 0.466797 0.377745 0.464844 0.374817 0.472656 0.358712
0 0.092773 0.333821 0.088867 0.327965 0.079102 0.327965 0.036133 0.349927 0.031250 0.355783 0.000000 0.368960 0.000000 0.389458 0.023438 0.376281 0.038086 0.373353 0.043945 0.366032 0.082031 0.346999 0.088867 0.346999 0.092773 0.341142
0 0.531250 0.273792 0.523438 0.279649 0.513672 0.354319 0.482422 0.420205 0.477539 0.442167 0.472656 0.450952 0.469727 0.471449 0.473633 0.477306 0.480469 0.478770 0.496094 0.459736 0.507812 0.455344 0.527344 0.409956 0.544922 0.333821 0.553711 0.311859 0.553711 0.303075 0.545898 0.297218 0.531250 0.319180 0.536133 0.291362 0.536133 0.281113
0 0.040039 0.253294 0.035156 0.245974 0.000000 0.251830 0.000000 0.272328 0.034180 0.266471 0.039062 0.262079
0 0.615234 0.202050 0.609375 0.202050 0.605469 0.210835 0.595703 0.289898 0.580078 0.351391 0.583984 0.360176 0.589844 0.360176 0.592773 0.355783 0.608398 0.294290 0.619141 0.207906
0 0.592773 0.180088 0.585938 0.183016 0.583008 0.190337 0.573242 0.269400 0.560547 0.326501 0.559570 0.346999 0.563477 0.352855 0.569336 0.351391 0.572266 0.345534 0.576172 0.310395 0.584961 0.278184 0.586914 0.251830 0.597656 0.193265 0.596680 0.184480