0 0.471680 0.699854 0.464844 0.710102 0.465820 0.720351 0.469727 0.726208 0.465820 0.752562 0.449219 0.827233 0.442383 0.837482 0.441406 0.853587 0.449219 0.865300 0.463867 0.868228 0.474609 0.881406 0.483398 0.882870 0.488281 0.875549 0.486328 0.824305 0.488281 0.795022 0.493164 0.773060 0.490234 0.749634 0.492188 0.717423 0.484375 0.704246
0 0.545898 0.676428 0.541016 0.680820 0.540039 0.696925 0.534180 0.704246 0.532227 0.713031 0.535156 0.733529 0.534180 0.792094 0.525391 0.814056 0.523438 0.849195 0.528320 0.862372 0.547852 0.869693 0.560547 0.879941 0.567383 0.874085 0.569336 0.859444 0.564453 0.765739 0.565430 0.726208 0.555664 0.682284 0.550781 0.676428
0 0.426758 0.673499 0.401367 0.682284 0.402344 0.696925 0.395508 0.746706 0.380859 0.789165 0.380859 0.828697 0.413086 0.852123 0.420898 0.852123 0.425781 0.844802 0.428711 0.809663 0.432617 0.799414 0.435547 0.767204 0.441406 0.745242 0.437500 0.698389
0 0.621094 0.644217 0.615234 0.651537 0.615234 0.664714 0.608398 0.685212 0.612305 0.727672 0.611328 0.831625 0.615234 0.840410 0.626953 0.849195 0.654297 0.857980 0.659180 0.853587 0.661133 0.840410 0.649414 0.795022 0.644531 0.704246 0.630859 0.650073 0.625977 0.644217
0 0.348633 0.635432 0.347656 0.648609 0.341797 0.660322 0.339844 0.677892 0.316406 0.764275 0.331055 0.780381 0.343750 0.786237 0.350586 0.797950 0.357422 0.802343 0.360352 0.799414 0.360352 0.780381 0.368164 0.764275 0.372070 0.727672 0.379883 0.701318 0.385742 0.664714 0.381836 0.648609 0.376953 0.641288
0 0.691406 0.614934 0.687500 0.622255 0.687500 0.631040 0.690430 0.636896 0.693359 0.696925 0.699219 0.742313 0.707031 0.761347 0.708008 0.780381 0.738281 0.802343 0.752930 0.805271 0.759766 0.802343 0.762695 0.783309 0.753906 0.736457 0.735352 0.695461 0.719727 0.635432 0.711914 0.623719 0.698242 0.613470
0 0.312500 0.571010 0.307617 0.573939 0.305664 0.587116 0.297852 0.601757 0.287109 0.636896 0.268555 0.672035 0.268555 0.682284 0.276367 0.696925 0.294922 0.707174 0.303711 0.720351 0.311523 0.715959 0.318359 0.679356 0.326172 0.661786 0.329102 0.641288 0.336914 0.622255 0.334961 0.609078
0 0.781250 0.566618 0.777344 0.573939 0.777344 0.590044 0.794922 0.653001 0.801758 0.693997 0.810547 0.704246 0.827148 0.711567 0.839844 0.711567 0.849609 0.720351 0.856445 0.718887 0.861328 0.708638 0.860352 0.699854 0.845703 0.672035 0.840820 0.648609 0.831055 0.623719 0.809570 0.597365 0.791016 0.566618
0 0.299805 0.510981 0.291992 0.509517 0.286133 0.515373 0.258789 0.522694 0.250977 0.551977 0.237305 0.572474 0.236328 0.588580 0.257812 0.617862 0.272461 0.620791 0.279297 0.612006 0.286133 0.573939 0.303711 0.527086 0.303711 0.518302
0 0.863281 0.469985 0.859375 0.477306 0.859375 0.486091 0.867188 0.503660 0.871094 0.522694 0.884766 0.553441 0.892578 0.587116 0.902344 0.600293 0.921875 0.601757 0.929688 0.609078 0.936523 0.607613 0.940430 0.598829 0.939453 0.588580 0.927734 0.572474 0.908203 0.530015 0.876953 0.480234 0.875977 0.474378 0.871094 0.468521
0 0.939453 0.361640 0.938477 0.377745 0.951172 0.390922 0.966797 0.431918 0.992188 0.465593 0.999023 0.469985 0.999023 0.426061 0.964844 0.371889 0.947266 0.357247