0 0.347656 0.443631 0.341797 0.437775 0.333008 0.440703 0.317383 0.464129 0.290039 0.490483 0.262695 0.524158 0.218750 0.559297 0.211914 0.572474 0.212891 0.587116 0.218750 0.594436 0.224609 0.594436 0.233398 0.581259 0.277344 0.546120 0.339844 0.475842 0.349609 0.456808
0 0.428711 0.426061 0.421875 0.420205 0.415039 0.423133 0.374023 0.483163 0.361328 0.521230 0.337891 0.546120 0.316406 0.560761 0.285156 0.590044 0.269531 0.614934 0.270508 0.633968 0.275391 0.638360 0.283203 0.636896 0.300781 0.610542 0.348633 0.571010 0.374023 0.544656 0.389648 0.503660 0.428711 0.446559 0.430664 0.439239
0 0.274414 0.427526 0.268555 0.418741 0.255859 0.421669 0.216797 0.465593 0.201172 0.477306 0.143555 0.499268 0.125000 0.513909 0.110352 0.518302 0.106445 0.525622 0.106445 0.537335 0.113281 0.546120 0.130859 0.543192 0.147461 0.528551 0.208008 0.505124 0.226562 0.491947 0.254883 0.458272 0.270508 0.446559 0.275391 0.434846
0 0.503906 0.389458 0.494141 0.387994 0.489258 0.393851 0.484375 0.411420 0.454102 0.465593 0.447266 0.490483 0.430664 0.528551 0.402344 0.560761 0.400391 0.578331 0.405273 0.587116 0.414062 0.587116 0.445312 0.550512 0.469727 0.486091 0.502930 0.424597 0.507812 0.407028 0.507812 0.398243
0 0.206055 0.367496 0.200195 0.360176 0.193359 0.360176 0.153320 0.398243 0.122070 0.412884 0.098633 0.418741 0.084961 0.427526 0.052734 0.433382 0.038086 0.443631 0.020508 0.446559 0.014648 0.456808 0.015625 0.468521 0.022461 0.475842 0.042969 0.472914 0.055664 0.462665 0.087891 0.456808 0.152344 0.430454 0.199219 0.392387 0.206055 0.382138
0 0.573242 0.348463 0.566406 0.348463 0.560547 0.355783 0.536133 0.450952 0.521484 0.486091 0.495117 0.527086 0.487305 0.546120 0.484375 0.565154 0.489258 0.573939 0.498047 0.575403 0.502930 0.569546 0.510742 0.546120 0.538086 0.503660 0.554688 0.464129 0.563477 0.421669 0.579102 0.373353 0.579102 0.357247
0 0.128906 0.311859 0.123047 0.304539 0.053711 0.335286 0.038086 0.333821 0.004883 0.339678 0.000000 0.344070 0.000000 0.351391 0.007812 0.354319 0.031250 0.348463 0.057617 0.348463 0.125000 0.320644
0 0.647461 0.279649 0.641602 0.279649 0.635742 0.286969 0.632812 0.304539 0.616211 0.330893 0.611328 0.371889 0.584961 0.455344 0.586914 0.465593 0.592773 0.471449 0.602539 0.468521 0.610352 0.449488 0.620117 0.409956 0.629883 0.385066 0.633789 0.346999 0.651367 0.316252 0.654297 0.289898
0 0.710938 0.194729 0.705078 0.200586 0.689453 0.259151 0.683594 0.298682 0.673828 0.323572 0.672852 0.339678 0.676758 0.344070 0.681641 0.339678 0.683594 0.326501 0.691406 0.308931 0.700195 0.256223 0.715820 0.203514
0 0.768555 0.071742 0.762695 0.079063 0.763672 0.111274 0.755859 0.144949 0.755859 0.163982 0.747070 0.241581 0.750977 0.245974 0.755859 0.243045 0.758789 0.231332 0.765625 0.147877 0.773438 0.108346 0.773438 0.080527
0 0.826172 0.000000 0.817383 0.001464 0.812500 0.023426 0.811523 0.098097 0.808594 0.108346 0.810547 0.121523 0.817383 0.120059 0.820312 0.103953 0.821289 0.030747 0.827148 0.007321