0 0.690430 0.893119 0.681641 0.894583 0.676758 0.904832 0.669922 0.931186 0.669922 0.939971 0.675781 0.948755 0.683594 0.947291 0.691406 0.929722 0.695312 0.900439
0 0.602539 0.890190 0.594727 0.888726 0.588867 0.896047 0.576172 0.941435 0.543945 0.998536 0.578125 0.998536 0.590820 0.982430 0.597656 0.964861 0.599609 0.945827 0.606445 0.929722 0.603516 0.915081 0.606445 0.897511
0 0.541992 0.815520 0.536133 0.815520 0.531250 0.821376 0.524414 0.843338 0.514648 0.855051 0.511719 0.863836 0.511719 0.877013 0.519531 0.888726 0.533203 0.891654 0.541992 0.881406 0.538086 0.863836 0.547852 0.834553 0.547852 0.824305
0 0.745117 0.751098 0.733398 0.752562 0.730469 0.770132 0.721680 0.789165 0.715820 0.828697 0.705078 0.868228 0.699219 0.922401 0.686523 0.956076 0.686523 0.963397 0.679688 0.976574 0.673828 0.980966 0.667969 0.966325 0.643555 0.973646 0.636719 0.983895 0.635742 0.998536 0.701172 0.997072 0.712891 0.951684 0.712891 0.938507 0.723633 0.909224 0.728516 0.866764 0.738281 0.850659 0.747070 0.814056 0.747070 0.800878 0.742188 0.793558 0.749023 0.767204
0 0.718750 0.723280 0.708984 0.727672 0.703125 0.765739 0.695312 0.786237 0.695312 0.796486 0.701172 0.803807 0.708984 0.802343 0.717773 0.783309 0.724609 0.745242 0.724609 0.732064
0 0.633789 0.723280 0.625977 0.726208 0.623047 0.732064 0.621094 0.764275 0.614258 0.787701 0.612305 0.812592 0.618164 0.824305 0.624023 0.824305 0.629883 0.816984 0.644531 0.780381 0.651367 0.771596 0.650391 0.756955 0.639648 0.751098 0.640625 0.733529
0 0.706055 0.503660 0.699219 0.503660 0.694336 0.512445 0.696289 0.537335 0.691406 0.578331 0.685547 0.594436 0.686523 0.604685 0.678711 0.639824 0.671875 0.705710 0.665039 0.724744 0.651367 0.790630 0.636719 0.834553 0.627930 0.896047 0.615234 0.932650 0.614258 0.953148 0.596680 0.998536 0.619141 0.998536 0.632812 0.964861 0.636719 0.947291 0.637695 0.923865 0.645508 0.898975 0.653320 0.843338 0.661133 0.812592 0.667969 0.797950 0.681641 0.733529 0.687500 0.717423 0.694336 0.673499 0.695312 0.647145 0.703125 0.613470 0.702148 0.603221 0.708984 0.582723 0.712891 0.528551 0.711914 0.513909
0 0.687500 0.475842 0.678711 0.477306 0.673828 0.490483 0.666016 0.490483 0.661133 0.499268 0.657227 0.532943 0.657227 0.566618 0.663086 0.575403 0.670898 0.573939 0.683594 0.547584 0.693359 0.491947 0.692383 0.481698
0 0.644531 0.301611 0.638672 0.301611 0.632812 0.310395 0.636719 0.336750 0.633789 0.401171 0.628906 0.452416 0.621094 0.489019 0.623047 0.508053 0.615234 0.584187 0.602539 0.638360 0.599609 0.683748 0.589844 0.713031 0.578125 0.778917 0.568359 0.799414 0.551758 0.871157 0.543945 0.890190 0.544922 0.903367 0.551758 0.909224 0.562500 0.900439 0.583008 0.815520 0.594727 0.789165 0.595703 0.774524 0.602539 0.752562 0.603516 0.734993 0.613281 0.705710 0.617188 0.663250 0.621094 0.654466 0.620117 0.642753 0.630859 0.603221 0.654297 0.382138 0.654297 0.332357 0.650391 0.310395
0 0.607422 0.272328 0.601562 0.281113 0.600586 0.335286 0.603516 0.355783 0.614258 0.360176 0.619141 0.352855 0.619141 0.281113 0.615234 0.273792
0 0.553711 0.109810 0.545898 0.112738 0.542969 0.118594 0.546875 0.149341 0.543945 0.213763 0.548828 0.245974 0.542969 0.333821 0.543945 0.407028 0.532227 0.484627 0.534180 0.557833 0.523438 0.613470 0.517578 0.672035 0.501953 0.715959 0.503906 0.730600 0.508789 0.734993 0.518555 0.729136 0.534180 0.679356 0.540039 0.642753 0.540039 0.620791 0.550781 0.566618 0.551758 0.510981 0.548828 0.493411 0.561523 0.409956 0.559570 0.345534 0.565430 0.253294 0.561523 0.213763 0.562500 0.122987
0 0.017578 0.081991 0.012695 0.092240 0.013672 0.099561 0.040039 0.146413 0.057617 0.218155 0.071289 0.248902 0.086914 0.273792 0.100586 0.325037 0.105469 0.329429 0.112305 0.327965 0.116211 0.322108 0.116211 0.310395 0.101562 0.257687 0.074219 0.207906 0.055664 0.133236 0.030273 0.086384 0.022461 0.080527
0 0.497070 0.013177 0.487305 0.017570 0.485352 0.029283 0.493164 0.071742 0.499023 0.087848 0.496094 0.140556 0.501953 0.228404 0.499023 0.241581 0.499023 0.306003 0.504883 0.349927 0.503906 0.436310 0.500000 0.472914 0.493164 0.502196 0.488281 0.573939 0.485352 0.579795 0.482422 0.613470 0.476562 0.642753 0.464844 0.666179 0.468750 0.686676 0.483398 0.702782 0.497070 0.693997 0.501953 0.667643 0.500000 0.614934 0.501953 0.581259 0.504883 0.576867 0.509766 0.509517 0.520508 0.445095 0.519531 0.395315 0.522461 0.346999 0.515625 0.291362 0.516602 0.244510 0.522461 0.225476 0.530273 0.175695 0.529297 0.108346 0.507812 0.052709 0.501953 0.019034
0 0.268555 0.004392 0.261719 0.011713 0.260742 0.019034 0.264648 0.040996 0.273438 0.065886 0.276367 0.124451 0.287109 0.190337 0.294922 0.219619 0.303711 0.282577 0.302734 0.292826 0.312500 0.352855 0.313477 0.443631 0.322266 0.456808 0.339844 0.456808 0.348633 0.445095 0.348633 0.428990 0.343750 0.409956 0.343750 0.385066 0.339844 0.376281 0.330078 0.374817 0.329102 0.342606 0.320312 0.291362 0.318359 0.256223 0.294922 0.127379 0.295898 0.121523 0.300781 0.121523 0.306641 0.114202 0.308594 0.105417 0.306641 0.057101 0.296875 0.021962 0.286133 0.020498 0.281250 0.026354 0.277344 0.010249
0 0.399414 0.002928 0.392578 0.013177 0.398438 0.099561 0.396484 0.206442 0.402344 0.275256 0.407227 0.301611 0.403320 0.314788 0.401367 0.377745 0.396484 0.402635 0.404297 0.500732 0.403320 0.531479 0.396484 0.556369 0.400391 0.565154 0.409180 0.566618 0.424805 0.553441 0.431641 0.538799 0.429688 0.521230 0.431641 0.481698 0.426758 0.472914 0.419922 0.469985 0.414062 0.411420 0.418945 0.382138 0.418945 0.339678 0.423828 0.292826 0.414062 0.215227 0.415039 0.086384 0.411133 0.019034 0.407227 0.005857
0 0.139648 0.002928 0.133789 0.013177 0.135742 0.027818 0.140625 0.038067 0.146484 0.068814 0.161133 0.103953 0.165039 0.128843 0.181641 0.180088 0.190430 0.228404 0.205078 0.282577 0.206055 0.341142 0.209961 0.364568 0.215820 0.376281 0.228516 0.379209 0.232422 0.374817 0.237305 0.355783 0.239258 0.336750 0.237305 0.307467 0.232422 0.294290 0.222656 0.282577 0.195312 0.159590 0.181641 0.120059 0.177734 0.092240 0.163086 0.060029 0.150391 0.008785 0.145508 0.002928
0 0.331055 0.001464 0.325195 0.005857 0.323242 0.019034 0.338867 0.137628 0.341797 0.204978 0.354492 0.276720 0.353516 0.366032 0.361328 0.426061 0.358398 0.443631 0.361328 0.449488 0.368164 0.452416 0.374023 0.448023 0.378906 0.430454 0.371094 0.367496 0.375000 0.344070 0.372070 0.260615 0.366211 0.234261 0.363281 0.169839 0.355469 0.124451 0.356445 0.111274 0.350586 0.089312 0.341797 0.016105 0.337891 0.004392
0 0.201172 0.001464 0.195312 0.008785 0.195312 0.021962 0.230469 0.177160 0.236328 0.232796 0.250977 0.298682 0.253906 0.351391 0.256836 0.363104 0.264648 0.368960 0.272461 0.360176 0.266602 0.282577 0.253906 0.232796 0.247070 0.168375 0.223633 0.071742 0.222656 0.054173 0.211914 0.008785 0.206055 0.001464
0 0.438477 0.000000 0.435547 0.007321 0.436523 0.042460 0.442383 0.065886 0.449219 0.153734 0.457031 0.203514 0.455078 0.247438 0.458008 0.301611 0.453125 0.368960 0.455078 0.390922 0.449219 0.417277 0.440430 0.502196 0.442383 0.527086 0.440430 0.563690 0.446289 0.571010 0.453125 0.571010 0.458008 0.565154 0.463867 0.543192 0.470703 0.450952 0.469727 0.433382 0.473633 0.421669 0.478516 0.330893 0.473633 0.316252 0.475586 0.273792 0.472656 0.250366 0.473633 0.194729 0.466797 0.150805 0.467773 0.118594 0.465820 0.081991 0.461914 0.062958 0.461914 0.032211 0.455078 0.000000
0 0.039062 0.000000 0.036133 0.005857 0.037109 0.017570 0.065430 0.068814 0.098633 0.168375 0.111328 0.191801 0.119141 0.221083 0.130859 0.304539 0.136719 0.319180 0.144531 0.320644 0.148438 0.316252 0.150391 0.304539 0.144531 0.284041 0.144531 0.267936 0.131836 0.194729 0.125000 0.174231 0.113281 0.153734 0.079102 0.049780 0.067383 0.033675 0.050781 0.000000