0 0.502930 0.915081 0.499023 0.920937 0.498047 0.937042 0.517578 0.976574 0.514648 0.983895 0.515625 0.998536 0.547852 0.995608 0.551758 0.986823 0.552734 0.973646 0.541992 0.950220 0.531250 0.944363 0.515625 0.915081
0 0.238281 0.912152 0.232422 0.926794 0.236328 0.945827 0.247070 0.966325 0.242188 0.978038 0.246094 0.998536 0.286133 0.998536 0.274414 0.960469 0.257812 0.932650 0.254883 0.919473 0.248047 0.910688
0 0.265625 0.868228 0.259766 0.875549 0.257812 0.887262 0.276367 0.947291 0.288086 0.963397 0.300781 0.964861 0.306641 0.953148 0.305664 0.941435 0.291992 0.918009 0.279297 0.875549 0.275391 0.869693
0 0.372070 0.834553 0.364258 0.847731 0.369141 0.872621 0.358398 0.879941 0.355469 0.888726 0.356445 0.900439 0.395508 0.956076 0.408203 0.957540 0.414062 0.944363 0.411133 0.920937 0.394531 0.881406 0.385742 0.841874 0.379883 0.834553
0 0.239258 0.588580 0.235352 0.606149 0.240234 0.647145 0.252930 0.693997 0.263672 0.713031 0.263672 0.724744 0.278320 0.759883 0.286133 0.797950 0.301758 0.849195 0.312500 0.868228 0.321289 0.897511 0.332031 0.916545 0.343750 0.948755 0.353516 0.961933 0.368164 0.998536 0.392578 0.998536 0.385742 0.973646 0.347656 0.897511 0.332031 0.850659 0.320312 0.828697 0.305664 0.780381 0.300781 0.752562 0.291016 0.721816 0.283203 0.707174 0.283203 0.695461 0.271484 0.673499 0.270508 0.661786 0.259766 0.626647 0.256836 0.592972 0.247070 0.584187
0 0.257812 0.546120 0.253906 0.554905 0.253906 0.565154 0.277344 0.635432 0.292969 0.658858 0.299805 0.663250 0.308594 0.660322 0.313477 0.644217 0.308594 0.609078 0.297852 0.576867 0.295898 0.562225 0.289062 0.554905 0.278320 0.557833 0.270508 0.543192 0.264648 0.541728
0 0.285156 0.306003 0.276367 0.319180 0.275391 0.345534 0.284180 0.414348 0.298828 0.475842 0.312500 0.516837 0.314453 0.534407 0.320312 0.546120 0.352539 0.680820 0.373047 0.726208 0.374023 0.740849 0.380859 0.752562 0.392578 0.802343 0.406250 0.825769 0.431641 0.901903 0.450195 0.928258 0.478516 0.998536 0.505859 0.998536 0.468750 0.907760 0.451172 0.882870 0.445312 0.859444 0.435547 0.843338 0.430664 0.819912 0.422852 0.800878 0.413086 0.787701 0.406250 0.768668 0.397461 0.721816 0.369141 0.651537 0.367188 0.633968 0.346680 0.559297 0.346680 0.540264 0.337891 0.510981 0.330078 0.496340 0.316406 0.440703 0.308594 0.389458 0.303711 0.380673 0.298828 0.352855 0.299805 0.317716 0.295898 0.308931
0 0.319336 0.256223 0.312500 0.263543 0.310547 0.273792 0.314453 0.297218 0.313477 0.307467 0.320312 0.333821 0.323242 0.361640 0.329102 0.368960 0.336914 0.368960 0.343750 0.358712 0.342773 0.326501 0.335938 0.304539 0.333984 0.269400 0.328125 0.257687
0 0.365234 0.027818 0.359375 0.032211 0.353516 0.051245 0.358398 0.080527 0.357422 0.089312 0.371094 0.162518 0.370117 0.199122 0.380859 0.254758 0.384766 0.262079 0.384766 0.278184 0.392578 0.320644 0.397461 0.330893 0.406250 0.411420 0.436523 0.510981 0.436523 0.537335 0.447266 0.601757 0.470703 0.669107 0.474609 0.695461 0.486328 0.733529 0.516602 0.795022 0.522461 0.800878 0.529297 0.800878 0.537109 0.789165 0.536133 0.773060 0.519531 0.737921 0.507812 0.721816 0.497070 0.686676 0.491211 0.653001 0.467773 0.587116 0.459961 0.535871 0.457031 0.494876 0.427734 0.398243 0.425781 0.366032 0.416992 0.310395 0.393555 0.199122 0.393555 0.155198 0.379883 0.090776 0.378906 0.040996 0.374023 0.030747
0 0.998047 0.000000 0.972656 0.000000 0.960938 0.029283 0.950195 0.106881 0.951172 0.117130 0.956055 0.125915 0.965820 0.127379 0.972656 0.118594 0.980469 0.048316 0.997070 0.008785
0 0.908203 0.000000 0.909180 0.089312 0.906250 0.114202 0.911133 0.127379 0.920898 0.130307 0.928711 0.121523 0.931641 0.099561 0.932617 0.007321 0.931641 0.000000
0 0.843750 0.000000 0.820312 0.000000 0.810547 0.115666 0.801758 0.130307 0.796875 0.150805 0.796875 0.174231 0.805664 0.212299 0.814453 0.232796 0.821289 0.238653 0.834961 0.231332 0.841797 0.213763 0.842773 0.188873 0.837891 0.153734 0.838867 0.142020 0.833008 0.125915 0.833008 0.108346
0 0.760742 0.000000 0.762695 0.064422 0.755859 0.127379 0.756836 0.175695 0.760742 0.199122 0.760742 0.228404 0.765625 0.237189 0.773438 0.240117 0.782227 0.229868 0.784180 0.206442 0.781250 0.194729 0.778320 0.139092 0.785156 0.055637 0.783203 0.033675 0.785156 0.005857 0.783203 0.000000
0 0.690430 0.000000 0.686523 0.055637 0.685547 0.133236 0.689453 0.194729 0.687500 0.234261 0.691406 0.273792 0.682617 0.276720 0.676758 0.288433 0.680664 0.322108 0.678711 0.358712 0.685547 0.377745 0.705078 0.380673 0.719727 0.370425 0.724609 0.360176 0.724609 0.344070 0.717773 0.310395 0.710938 0.240117 0.711914 0.155198 0.708984 0.143485 0.709961 0.070278 0.708008 0.064422 0.713867 0.000000
0 0.614258 0.000000 0.613281 0.024890 0.620117 0.098097 0.619141 0.152269 0.627930 0.245974 0.638672 0.278184 0.638672 0.351391 0.646484 0.379209 0.651367 0.385066 0.659180 0.386530 0.665039 0.382138 0.668945 0.367496 0.662109 0.349927 0.661133 0.275256 0.644531 0.166911 0.646484 0.054173 0.642578 0.000000
0 0.541016 0.000000 0.557617 0.106881 0.555664 0.128843 0.560547 0.180088 0.559570 0.216691 0.574219 0.267936 0.581055 0.317716 0.591797 0.346999 0.594727 0.431918 0.584961 0.440703 0.583008 0.456808 0.591797 0.493411 0.592773 0.519766 0.596680 0.528551 0.609375 0.540264 0.631836 0.547584 0.638672 0.540264 0.640625 0.527086 0.629883 0.508053 0.626953 0.484627 0.622070 0.471449 0.622070 0.449488 0.616211 0.415813 0.618164 0.404100 0.614258 0.379209 0.616211 0.358712 0.613281 0.335286 0.602539 0.304539 0.596680 0.260615 0.587891 0.222548 0.582031 0.212299 0.583008 0.175695 0.580078 0.159590 0.578125 0.086384 0.567383 0.029283 0.567383 0.014641 0.564453 0.000000
0 0.472656 0.000000 0.479492 0.045388 0.477539 0.051245 0.478516 0.106881 0.490234 0.172767 0.489258 0.199122 0.494141 0.215227 0.495117 0.235725 0.500000 0.257687 0.497070 0.278184 0.517578 0.385066 0.526367 0.404100 0.526367 0.418741 0.549805 0.515373 0.551758 0.535871 0.565430 0.566618 0.571289 0.571010 0.579102 0.569546 0.585938 0.559297 0.585938 0.547584 0.578125 0.513909 0.576172 0.483163 0.547852 0.370425 0.538086 0.345534 0.536133 0.316252 0.530273 0.300146 0.517578 0.228404 0.516602 0.209370 0.512695 0.197657 0.510742 0.156662 0.501953 0.109810 0.500000 0.067350 0.501953 0.038067 0.499023 0.000000
0 0.396484 0.000000 0.393555 0.026354 0.402344 0.074671 0.406250 0.117130 0.416016 0.136164 0.423828 0.165447 0.434570 0.188873 0.443359 0.254758 0.444336 0.317716 0.456055 0.376281 0.460938 0.423133 0.468750 0.458272 0.488281 0.510981 0.489258 0.524158 0.502930 0.571010 0.505859 0.594436 0.514648 0.616398 0.520508 0.644217 0.521484 0.677892 0.527344 0.711567 0.541016 0.746706 0.555664 0.749634 0.564453 0.742313 0.570312 0.730600 0.574219 0.715959 0.574219 0.696925 0.568359 0.685212 0.555664 0.672035 0.552734 0.657394 0.541016 0.629575 0.534180 0.598829 0.528320 0.587116 0.525391 0.563690 0.511719 0.516837 0.510742 0.505124 0.492188 0.453880 0.483398 0.420205 0.483398 0.404100 0.467773 0.314788 0.466797 0.257687 0.460938 0.210835 0.457031 0.196193 0.457031 0.181552 0.449219 0.159590 0.450195 0.152269 0.447266 0.143485 0.445312 0.092240 0.442383 0.083455 0.437500 0.020498 0.431641 0.000000