0 0.937500 0.937042 0.938477 0.951684 0.969727 0.960469 0.999023 0.985359 0.999023 0.942899 0.985352 0.928258 0.965820 0.920937 0.945312 0.920937
0 0.880859 0.800878 0.880859 0.811127 0.888672 0.818448 0.910156 0.821376 0.955078 0.840410 0.975586 0.843338 0.989258 0.853587 0.999023 0.850659 0.999023 0.824305 0.988281 0.811127 0.981445 0.790630 0.893555 0.780381 0.888672 0.784773 0.888672 0.795022
0 0.820312 0.682284 0.820312 0.689605 0.825195 0.695461 0.844727 0.695461 0.852539 0.701318 0.885742 0.698389 0.943359 0.710102 0.949219 0.704246 0.948242 0.692533 0.940430 0.686676 0.925781 0.657394 0.911133 0.651537 0.856445 0.653001 0.833008 0.658858
0 0.876953 0.563690 0.872070 0.553441 0.858398 0.543192 0.854492 0.532943 0.842773 0.528551 0.800781 0.534407 0.782227 0.544656 0.757812 0.546120 0.753906 0.551977 0.751953 0.572474 0.757812 0.582723 0.795898 0.571010 0.826172 0.582723 0.872070 0.575403
0 0.789062 0.437775 0.782227 0.430454 0.772461 0.428990 0.761719 0.418741 0.755859 0.418741 0.739258 0.430454 0.716797 0.431918 0.695312 0.449488 0.681641 0.450952 0.677734 0.462665 0.686523 0.472914 0.689453 0.484627 0.694336 0.486091 0.722656 0.471449 0.750977 0.469985 0.769531 0.452416 0.786133 0.452416 0.789062 0.448023
0 0.698242 0.351391 0.693359 0.342606 0.657227 0.330893 0.605469 0.370425 0.592773 0.386530 0.580078 0.392387 0.579102 0.407028 0.582031 0.423133 0.585938 0.428990 0.591797 0.428990 0.598633 0.415813 0.614258 0.401171 0.626953 0.402635 0.658203 0.390922 0.694336 0.363104
0 0.023438 0.300146 0.000000 0.320644 0.000000 0.475842 0.006836 0.458272 0.022461 0.363104 0.024414 0.332357 0.029297 0.311859 0.028320 0.304539
0 0.592773 0.270864 0.583008 0.263543 0.560547 0.263543 0.541016 0.288433 0.503906 0.316252 0.485352 0.344070 0.484375 0.368960 0.490234 0.374817 0.511719 0.354319 0.524414 0.348463 0.543945 0.327965 0.555664 0.323572 0.580078 0.303075 0.592773 0.288433 0.594727 0.282577
0 0.134766 0.232796 0.111328 0.245974 0.107422 0.251830 0.100586 0.298682 0.089844 0.330893 0.082031 0.371889 0.082031 0.382138 0.097656 0.395315 0.103516 0.395315 0.109375 0.389458 0.118164 0.363104 0.119141 0.317716 0.117188 0.310395 0.124023 0.300146 0.127930 0.281113 0.139648 0.250366 0.140625 0.241581
0 0.491211 0.229868 0.463867 0.216691 0.443359 0.218155 0.434570 0.238653 0.404297 0.279649 0.396484 0.297218 0.370117 0.327965 0.368164 0.335286 0.370117 0.342606 0.379883 0.344070 0.383789 0.352855 0.388672 0.354319 0.409180 0.330893 0.418945 0.327965 0.433594 0.311859 0.445312 0.291362 0.481445 0.256223 0.491211 0.241581
0 0.261719 0.204978 0.218750 0.216691 0.217773 0.226940 0.197266 0.262079 0.187500 0.303075 0.171875 0.346999 0.175781 0.355783 0.193359 0.357247 0.208984 0.332357 0.215820 0.297218 0.229492 0.265007 0.240234 0.259151 0.250977 0.232796 0.262695 0.218155
0 0.356445 0.202050 0.333984 0.203514 0.327148 0.224012 0.310547 0.245974 0.297852 0.272328 0.290039 0.295754 0.268555 0.336750 0.268555 0.346999 0.278320 0.368960 0.291016 0.363104 0.311523 0.327965 0.334961 0.266471 0.356445 0.226940 0.360352 0.212299