0 0.473633 0.708638 0.464844 0.711567 0.458008 0.723280 0.458008 0.733529 0.461914 0.739385 0.467773 0.740849 0.479492 0.730600 0.479492 0.715959
0 0.578125 0.623719 0.573242 0.635432 0.575195 0.648609 0.585938 0.660322 0.598633 0.660322 0.601562 0.654466 0.601562 0.642753 0.597656 0.628111 0.585938 0.619327
0 0.883789 0.584187 0.879883 0.582723 0.871094 0.588580 0.869141 0.598829 0.874023 0.604685 0.882812 0.600293 0.885742 0.595900
0 0.373047 0.585652 0.373047 0.612006 0.384766 0.631040 0.420898 0.654466 0.431641 0.653001 0.435547 0.648609 0.436523 0.638360 0.431641 0.628111 0.401367 0.609078 0.380859 0.584187
0 0.739258 0.579795 0.732422 0.573939 0.718750 0.584187 0.713867 0.591508 0.713867 0.601757 0.720703 0.606149 0.725586 0.598829 0.734375 0.595900
0 0.488281 0.474378 0.488281 0.484627 0.483398 0.490483 0.482422 0.500732 0.487305 0.531479 0.493164 0.543192 0.538086 0.575403 0.551758 0.573939 0.559570 0.566618 0.559570 0.556369 0.550781 0.531479 0.526367 0.491947 0.503906 0.472914 0.492188 0.469985
0 0.622070 0.440703 0.620117 0.452416 0.633789 0.474378 0.641602 0.496340 0.661133 0.522694 0.666992 0.522694 0.669922 0.518302 0.666992 0.505124 0.650391 0.484627 0.633789 0.446559 0.627930 0.440703
0 0.635742 0.423133 0.634766 0.430454 0.645508 0.458272 0.677734 0.510981 0.692383 0.515373 0.708008 0.508053 0.707031 0.496340 0.700195 0.493411 0.688477 0.477306 0.662109 0.452416 0.645508 0.421669
0 0.970703 0.405564 0.965820 0.412884 0.968750 0.437775 0.962891 0.443631 0.961914 0.450952 0.966797 0.456808 0.975586 0.456808 0.993164 0.481698 0.999023 0.500732 0.999023 0.430454 0.996094 0.430454 0.983398 0.409956
0 0.800781 0.392387 0.784180 0.421669 0.784180 0.434846 0.789062 0.437775 0.804688 0.465593 0.820312 0.478770 0.839844 0.503660 0.845703 0.502196 0.855469 0.516837 0.862305 0.513909 0.862305 0.505124 0.870117 0.497804 0.869141 0.486091 0.857422 0.459736 0.842773 0.437775 0.839844 0.420205 0.834961 0.411420 0.827148 0.407028 0.815430 0.409956 0.807617 0.392387
0 0.424805 0.171303 0.421875 0.183016 0.425781 0.200586 0.445312 0.235725 0.484375 0.260615 0.496094 0.275256 0.511719 0.304539 0.527344 0.317716 0.548828 0.346999 0.555664 0.344070 0.556641 0.333821 0.550781 0.322108 0.521484 0.286969 0.497070 0.248902 0.491211 0.234261 0.451172 0.181552 0.442383 0.163982 0.435547 0.162518
0 0.578125 0.117130 0.578125 0.128843 0.593750 0.153734 0.637695 0.191801 0.657227 0.231332 0.667969 0.241581 0.680664 0.262079 0.685547 0.263543 0.689453 0.259151 0.686523 0.237189 0.661133 0.180088 0.612305 0.096633 0.599609 0.099561 0.592773 0.108346