0 0.395508 0.591508 0.390625 0.597365 0.389648 0.609078 0.393555 0.616398 0.400391 0.617862 0.405273 0.613470 0.407227 0.603221 0.403320 0.592972
0 0.064453 0.588580 0.058594 0.595900 0.057617 0.604685 0.061523 0.613470 0.069336 0.614934 0.074219 0.609078 0.075195 0.597365 0.072266 0.591508
0 0.293945 0.557833 0.289062 0.565154 0.289062 0.575403 0.293945 0.582723 0.300781 0.582723 0.305664 0.575403 0.305664 0.565154 0.300781 0.557833
0 0.185547 0.556369 0.181641 0.560761 0.179688 0.571010 0.183594 0.579795 0.189453 0.582723 0.196289 0.576867 0.198242 0.568082 0.194336 0.557833
0 0.462891 0.490483 0.454102 0.486091 0.422852 0.506589 0.411133 0.521230 0.409180 0.528551 0.411133 0.540264 0.417969 0.547584 0.429688 0.547584 0.444336 0.538799 0.453125 0.524158 0.454102 0.515373 0.463867 0.506589
0 0.361328 0.448023 0.352539 0.437775 0.343750 0.439239 0.326172 0.467057 0.320312 0.468521 0.304688 0.486091 0.296875 0.500732 0.296875 0.513909 0.306641 0.521230 0.317383 0.508053 0.323242 0.512445 0.332031 0.508053 0.360352 0.464129
0 0.117188 0.440703 0.097656 0.437775 0.092773 0.443631 0.084961 0.472914 0.074219 0.486091 0.062500 0.513909 0.062500 0.527086 0.065430 0.532943 0.073242 0.535871 0.083008 0.528551 0.118164 0.472914 0.121094 0.448023
0 0.244141 0.426061 0.237305 0.417277 0.229492 0.415813 0.217773 0.431918 0.208984 0.433382 0.186523 0.483163 0.187500 0.496340 0.194336 0.502196 0.207031 0.502196 0.212891 0.494876 0.222656 0.468521 0.227539 0.471449 0.235352 0.468521 0.238281 0.452416 0.245117 0.440703
0 0.489258 0.256223 0.485352 0.250366 0.477539 0.250366 0.449219 0.279649 0.426758 0.317716 0.425781 0.332357 0.432617 0.339678 0.441406 0.335286 0.462891 0.298682 0.489258 0.269400
0 0.367188 0.177160 0.357422 0.178624 0.343750 0.216691 0.301758 0.273792 0.280273 0.342606 0.284180 0.357247 0.291016 0.358712 0.295898 0.354319 0.314453 0.294290 0.362305 0.225476 0.372070 0.193265 0.372070 0.185944
0 0.237305 0.169839 0.229492 0.168375 0.222656 0.159590 0.216797 0.159590 0.208008 0.171303 0.207031 0.191801 0.198242 0.218155 0.176758 0.269400 0.158203 0.300146 0.158203 0.310395 0.162109 0.317716 0.172852 0.316252 0.184570 0.298682 0.215820 0.224012 0.235352 0.202050 0.241211 0.185944 0.241211 0.177160