0 0.217773 0.657394 0.216797 0.663250 0.221680 0.669107 0.228516 0.669107 0.230469 0.664714 0.228516 0.657394 0.221680 0.654466
0 0.541016 0.653001 0.540039 0.669107 0.544922 0.673499 0.553711 0.673499 0.556641 0.667643 0.555664 0.658858 0.548828 0.651537
0 0.327148 0.617862 0.333008 0.629575 0.343750 0.633968 0.348633 0.629575 0.347656 0.620791 0.330078 0.613470
0 0.453125 0.612006 0.446289 0.612006 0.439453 0.622255 0.438477 0.636896 0.443359 0.645681 0.453125 0.641288 0.458984 0.631040 0.458984 0.619327
0 0.134766 0.543192 0.129883 0.543192 0.120117 0.554905 0.108398 0.584187 0.104492 0.631040 0.099609 0.655930 0.099609 0.674963 0.102539 0.679356 0.108398 0.677892 0.111328 0.670571 0.124023 0.604685 0.133789 0.584187 0.144531 0.573939 0.137695 0.566618 0.137695 0.547584
0 0.605469 0.534407 0.600586 0.534407 0.585938 0.559297 0.565430 0.581259 0.563477 0.592972 0.566406 0.598829 0.575195 0.598829 0.602539 0.569546 0.608398 0.553441
0 0.258789 0.490483 0.254883 0.493411 0.250977 0.508053 0.242188 0.508053 0.234375 0.519766 0.233398 0.535871 0.218750 0.578331 0.218750 0.587116 0.224609 0.590044 0.227539 0.598829 0.232422 0.598829 0.238281 0.585652 0.244141 0.582723 0.263672 0.550512 0.277344 0.518302 0.276367 0.509517
0 0.402344 0.486091 0.398438 0.484627 0.393555 0.490483 0.383789 0.527086 0.373047 0.547584 0.374023 0.556369 0.379883 0.556369 0.391602 0.532943 0.398438 0.503660 0.403320 0.494876
0 0.505859 0.477306 0.501953 0.475842 0.487305 0.487555 0.472656 0.513909 0.461914 0.550512 0.460938 0.562225 0.463867 0.566618 0.480469 0.565154 0.510742 0.528551 0.513672 0.508053 0.512695 0.491947 0.506836 0.484627
0 0.387695 0.472914 0.380859 0.477306 0.371094 0.505124 0.342773 0.547584 0.342773 0.556369 0.359375 0.557833 0.366211 0.551977 0.385742 0.500732 0.389648 0.481698
0 0.521484 0.232796 0.511719 0.228404 0.506836 0.232796 0.501953 0.248902 0.477539 0.297218 0.475586 0.308931 0.462891 0.339678 0.443359 0.374817 0.439453 0.386530 0.441406 0.395315 0.445312 0.396779 0.467773 0.358712 0.482422 0.320644 0.512695 0.286969 0.525391 0.247438
0 0.399414 0.228404 0.375000 0.219619 0.370117 0.224012 0.344727 0.291362 0.330078 0.346999 0.332031 0.364568 0.337891 0.363104 0.351562 0.335286 0.363281 0.297218 0.391602 0.260615 0.400391 0.238653