0 0.680664 0.363104 0.680664 0.376281 0.692383 0.393851 0.749023 0.461201 0.782227 0.494876 0.805664 0.508053 0.846680 0.515373 0.862305 0.528551 0.873047 0.524158 0.874023 0.510981 0.871094 0.505124 0.845703 0.489019 0.849609 0.481698 0.849609 0.472914 0.844727 0.464129 0.829102 0.455344 0.794922 0.423133 0.765625 0.402635 0.725586 0.349927 0.716797 0.349927 0.712891 0.357247 0.712891 0.366032 0.729492 0.392387 0.759766 0.427526 0.835938 0.487555 0.821289 0.486091 0.792969 0.474378 0.763672 0.442167 0.755859 0.437775 0.746094 0.421669 0.724609 0.401171 0.693359 0.358712 0.684570 0.357247
0 0.762695 0.339678 0.761719 0.346999 0.764648 0.355783 0.774414 0.360176 0.814453 0.402635 0.822266 0.405564 0.856445 0.436310 0.964844 0.489019 0.973633 0.489019 0.977539 0.481698 0.977539 0.471449 0.972656 0.464129 0.863281 0.412884 0.854492 0.402635 0.878906 0.415813 0.908203 0.424597 0.929688 0.437775 0.938477 0.437775 0.942383 0.431918 0.942383 0.420205 0.937500 0.412884 0.866211 0.380673 0.803711 0.325037 0.796875 0.327965 0.793945 0.335286 0.796875 0.351391 0.775391 0.332357 0.767578 0.333821
0 0.608398 0.330893 0.608398 0.346999 0.616211 0.361640 0.606445 0.371889 0.605469 0.380673 0.608398 0.387994 0.615234 0.390922 0.673828 0.467057 0.702148 0.497804 0.720703 0.510981 0.727539 0.509517 0.732422 0.500732 0.739258 0.508053 0.747070 0.505124 0.749023 0.489019 0.734375 0.468521 0.711914 0.450952 0.657227 0.390922 0.630859 0.349927 0.620117 0.326501 0.615234 0.325037
0 0.854492 0.308931 0.855469 0.322108 0.859375 0.326501 0.889648 0.335286 0.947266 0.366032 0.954102 0.373353 0.976562 0.382138 0.983398 0.389458 0.999023 0.393851 0.999023 0.366032 0.989258 0.364568 0.981445 0.357247 0.963867 0.351391 0.952148 0.341142 0.895508 0.310395 0.866211 0.300146 0.859375 0.301611
0 0.512695 0.292826 0.508789 0.300146 0.508789 0.308931 0.521484 0.326501 0.521484 0.330893 0.510742 0.322108 0.502930 0.322108 0.498047 0.329429 0.498047 0.339678 0.514648 0.363104 0.538086 0.414348 0.559570 0.452416 0.570312 0.462665 0.576172 0.464129 0.582031 0.459736 0.598633 0.475842 0.615234 0.477306 0.619141 0.471449 0.619141 0.459736 0.613281 0.443631 0.579102 0.395315 0.548828 0.327965 0.522461 0.292826
0 0.880859 0.276720 0.880859 0.288433 0.885742 0.295754 0.929688 0.311859 0.940430 0.325037 0.958008 0.333821 0.999023 0.342606 0.999023 0.317716 0.992188 0.313324 0.962891 0.308931 0.948242 0.301611 0.934570 0.286969 0.890625 0.269400
0 0.419922 0.226940 0.415039 0.240117 0.427734 0.284041 0.409180 0.263543 0.401367 0.265007 0.397461 0.272328 0.397461 0.279649 0.423828 0.332357 0.451172 0.401171 0.479492 0.445095 0.487305 0.449488 0.498047 0.448023 0.508789 0.459736 0.520508 0.465593 0.529297 0.461201 0.533203 0.449488 0.525391 0.426061 0.517578 0.415813 0.509766 0.395315 0.460938 0.329429 0.451172 0.306003 0.432617 0.234261 0.425781 0.225476
0 0.969727 0.199122 0.968750 0.209370 0.972656 0.216691 0.999023 0.224012 0.999023 0.197657 0.977539 0.191801
0 0.301758 0.169839 0.297852 0.178624 0.298828 0.190337 0.312500 0.229868 0.325195 0.281113 0.338867 0.316252 0.352539 0.339678 0.355469 0.352855 0.361328 0.360176 0.369141 0.357247 0.372070 0.342606 0.365234 0.322108 0.345703 0.284041 0.313477 0.172767 0.308594 0.168375
0 0.326172 0.133236 0.321289 0.140556 0.321289 0.150805 0.332031 0.177160 0.351562 0.250366 0.370117 0.292826 0.380859 0.333821 0.385742 0.341142 0.391602 0.341142 0.397461 0.333821 0.397461 0.323572 0.384766 0.279649 0.367188 0.240117 0.340820 0.144949 0.334961 0.134700
0 0.999023 0.114202 0.990234 0.115666 0.985352 0.121523 0.984375 0.131772 0.987305 0.139092 0.999023 0.140556