0 0.629883 0.560761 0.626953 0.566618 0.627930 0.582723 0.646484 0.631040 0.659180 0.693997 0.706055 0.784773 0.716797 0.814056 0.737305 0.831625 0.799805 0.847731 0.802734 0.843338 0.801758 0.830161 0.789062 0.824305 0.780273 0.808199 0.767578 0.795022 0.738281 0.745242 0.720703 0.721816 0.719727 0.714495 0.695312 0.670571 0.680664 0.614934 0.662109 0.566618 0.656250 0.560761 0.649414 0.560761 0.645508 0.566618 0.644531 0.581259 0.638672 0.562225
0 0.572266 0.550512 0.565430 0.565154 0.566406 0.601757 0.583008 0.677892 0.586914 0.714495 0.628906 0.849195 0.635742 0.859444 0.643555 0.853587 0.643555 0.844802 0.621094 0.783309 0.613281 0.748170 0.599609 0.708638 0.595703 0.672035 0.580078 0.600293 0.580078 0.581259 0.586914 0.598829 0.592773 0.642753 0.608398 0.698389 0.614258 0.732064 0.628906 0.778917 0.654297 0.841874 0.687500 0.890190 0.707031 0.891654 0.709961 0.887262 0.709961 0.875549 0.681641 0.833089 0.674805 0.808199 0.662109 0.783309 0.639648 0.720351 0.629883 0.679356 0.617188 0.644217 0.601562 0.560761 0.590820 0.550512
0 0.699219 0.549048 0.700195 0.566618 0.718750 0.620791 0.781250 0.714495 0.814453 0.743777 0.823242 0.758419 0.841797 0.771596 0.880859 0.778917 0.895508 0.777452 0.901367 0.771596 0.901367 0.761347 0.898438 0.756955 0.882812 0.751098 0.860352 0.734993 0.841797 0.707174 0.830078 0.695461 0.817383 0.689605 0.787109 0.650073 0.779297 0.631040 0.750000 0.591508 0.736328 0.550512 0.717773 0.538799
0 0.514648 0.532943 0.510742 0.541728 0.511719 0.620791 0.520508 0.693997 0.541992 0.811127 0.553711 0.847731 0.559570 0.853587 0.564453 0.850659 0.566406 0.837482 0.552734 0.797950 0.532227 0.682284 0.523438 0.591508 0.524414 0.557833 0.533203 0.594436 0.535156 0.622255 0.541016 0.651537 0.542969 0.702782 0.547852 0.711567 0.563477 0.781845 0.565430 0.812592 0.572266 0.849195 0.585938 0.878477 0.608398 0.887262 0.612305 0.879941 0.610352 0.857980 0.593750 0.816984 0.582031 0.758419 0.571289 0.724744 0.566406 0.680820 0.548828 0.587116 0.547852 0.540264 0.540039 0.528551 0.533203 0.534407
0 0.785156 0.510981 0.785156 0.521230 0.815430 0.573939 0.840820 0.594436 0.854492 0.617862 0.899414 0.653001 0.916016 0.673499 0.927734 0.679356 0.945312 0.677892 0.966797 0.689605 0.992188 0.685212 0.994141 0.674963 0.991211 0.669107 0.950195 0.660322 0.905273 0.623719 0.897461 0.610542 0.846680 0.573939 0.796875 0.508053 0.788086 0.506589
0 0.489258 0.477306 0.482422 0.486091 0.469727 0.487555 0.460938 0.522694 0.459961 0.612006 0.463867 0.641288 0.464844 0.749634 0.475586 0.795022 0.478516 0.821376 0.491211 0.836018 0.494141 0.831625 0.494141 0.819912 0.485352 0.778917 0.485352 0.749634 0.480469 0.701318 0.480469 0.651537 0.475586 0.628111 0.475586 0.578331 0.478516 0.556369 0.484375 0.623719 0.483398 0.658858 0.495117 0.699854 0.493164 0.742313 0.500000 0.819912 0.505859 0.834553 0.512695 0.844802 0.517578 0.846266 0.524414 0.860908 0.531250 0.862372 0.535156 0.849195 0.524414 0.827233 0.524414 0.803807 0.511719 0.748170 0.507812 0.683748 0.500977 0.653001 0.500977 0.603221 0.496094 0.553441 0.499023 0.486091 0.495117 0.477306
0 0.445312 0.411420 0.431641 0.424597 0.421875 0.443631 0.415039 0.553441 0.411133 0.579795 0.411133 0.610542 0.405273 0.622255 0.410156 0.663250 0.410156 0.720351 0.414062 0.759883 0.421875 0.778917 0.443359 0.777452 0.447266 0.796486 0.456055 0.799414 0.459961 0.787701 0.449219 0.695461 0.451172 0.604685 0.446289 0.537335 0.451172 0.486091 0.455078 0.480234 0.461914 0.433382 0.454102 0.414348
0 0.434570 0.342606 0.408203 0.342606 0.401367 0.349927 0.391602 0.411420 0.380859 0.446559 0.378906 0.510981 0.366211 0.578331 0.361328 0.666179 0.365234 0.693997 0.368164 0.698389 0.374023 0.698389 0.377930 0.689605 0.374023 0.661786 0.375000 0.617862 0.378906 0.582723 0.386719 0.547584 0.389648 0.603221 0.387695 0.625183 0.380859 0.648609 0.380859 0.685212 0.384766 0.704246 0.389648 0.711567 0.397461 0.705710 0.402344 0.601757 0.400391 0.549048 0.407227 0.502196 0.408203 0.468521 0.437500 0.355783 0.437500 0.346999
0 0.417969 0.250366 0.412109 0.250366 0.405273 0.260615 0.401367 0.247438 0.389648 0.248902 0.383789 0.273792 0.377930 0.285505 0.369141 0.329429 0.367188 0.329429 0.369141 0.300146 0.361328 0.294290 0.356445 0.300146 0.354492 0.326501 0.345703 0.346999 0.349609 0.357247 0.355469 0.357247 0.365234 0.341142 0.364258 0.354319 0.353516 0.390922 0.347656 0.449488 0.339844 0.471449 0.327148 0.559297 0.331055 0.576867 0.342773 0.575403 0.341797 0.590044 0.347656 0.598829 0.354492 0.594436 0.355469 0.579795 0.361328 0.572474 0.361328 0.534407 0.377930 0.398243 0.387695 0.383602 0.403320 0.307467 0.419922 0.278184 0.421875 0.257687
0 0.405273 0.153734 0.385742 0.158126 0.377930 0.168375 0.372070 0.191801 0.356445 0.224012 0.351562 0.253294 0.343750 0.270864 0.337891 0.304539 0.324219 0.346999 0.317383 0.376281 0.315430 0.412884 0.310547 0.439239 0.303711 0.456808 0.304688 0.468521 0.317383 0.471449 0.318359 0.481698 0.322266 0.487555 0.327148 0.487555 0.331055 0.481698 0.340820 0.427526 0.340820 0.408492 0.334961 0.402635 0.328125 0.405564 0.335938 0.354319 0.345703 0.330893 0.355469 0.281113 0.363281 0.262079 0.369141 0.231332 0.390625 0.178624 0.392578 0.183016 0.382812 0.215227 0.371094 0.235725 0.373047 0.248902 0.381836 0.248902 0.407227 0.210835 0.415039 0.165447
0 0.394531 0.000000 0.371094 0.000000 0.344727 0.043924 0.327148 0.093704 0.323242 0.118594 0.318359 0.128843 0.318359 0.146413 0.307617 0.180088 0.308594 0.200586 0.318359 0.209370 0.325195 0.206442 0.326172 0.210835 0.310547 0.254758 0.307617 0.276720 0.291992 0.329429 0.292969 0.336750 0.299805 0.341142 0.303711 0.352855 0.311523 0.351391 0.323242 0.322108 0.332031 0.281113 0.352539 0.226940 0.361328 0.181552 0.383789 0.137628 0.390625 0.109810 0.417969 0.079063 0.416992 0.055637 0.407227 0.045388 0.404297 0.035139 0.397461 0.035139 0.381836 0.062958 0.368164 0.074671 0.353516 0.115666 0.348633 0.149341 0.332031 0.178624 0.332031 0.155198 0.345703 0.131772 0.362305 0.074671 0.391602 0.024890
0 0.318359 0.046852 0.324219 0.052709 0.331055 0.051245 0.366211 0.000000 0.329102 0.000000 0.318359 0.032211