0 0.577148 0.376281 0.576172 0.393851 0.584961 0.409956 0.641602 0.462665 0.655273 0.491947 0.664062 0.503660 0.703125 0.528551 0.736328 0.540264 0.763672 0.559297 0.772461 0.560761 0.797852 0.585652 0.806641 0.585652 0.813477 0.576867 0.812500 0.554905 0.785156 0.525622 0.771484 0.521230 0.750977 0.506589 0.706055 0.489019 0.686523 0.475842 0.674805 0.464129 0.655273 0.427526 0.639648 0.415813 0.594727 0.368960 0.584961 0.367496
0 0.681641 0.368960 0.682617 0.386530 0.694336 0.402635 0.733398 0.431918 0.751953 0.439239 0.791016 0.469985 0.853516 0.496340 0.863281 0.508053 0.871094 0.506589 0.877930 0.494876 0.875977 0.474378 0.863281 0.459736 0.805664 0.436310 0.763672 0.404100 0.741211 0.393851 0.708008 0.368960 0.701172 0.358712 0.689453 0.357247
0 0.473633 0.366032 0.472656 0.383602 0.480469 0.401171 0.534180 0.468521 0.548828 0.497804 0.578125 0.541728 0.602539 0.560761 0.612305 0.563690 0.623047 0.575403 0.629883 0.575403 0.637695 0.568082 0.639648 0.550512 0.632812 0.535871 0.595703 0.510981 0.572266 0.472914 0.565430 0.467057 0.549805 0.436310 0.514648 0.390922 0.506836 0.385066 0.492188 0.358712 0.480469 0.357247
0 0.377930 0.341142 0.375000 0.349927 0.376953 0.370425 0.406250 0.427526 0.425781 0.478770 0.454102 0.521230 0.492188 0.559297 0.509766 0.590044 0.517578 0.594436 0.526367 0.590044 0.530273 0.582723 0.531250 0.571010 0.525391 0.554905 0.510742 0.531479 0.472656 0.493411 0.443359 0.448023 0.431641 0.414348 0.394531 0.338214 0.385742 0.335286
0 0.771484 0.316252 0.772461 0.329429 0.777344 0.338214 0.801758 0.348463 0.843750 0.380673 0.870117 0.389458 0.909180 0.389458 0.924805 0.395315 0.949219 0.393851 0.968750 0.405564 0.994141 0.404100 0.999023 0.399707 0.999023 0.370425 0.995117 0.366032 0.974609 0.366032 0.953125 0.355783 0.874023 0.351391 0.853516 0.344070 0.810547 0.311859 0.789062 0.301611 0.780273 0.301611
0 0.274414 0.281113 0.269531 0.288433 0.267578 0.300146 0.276367 0.329429 0.304688 0.363104 0.314453 0.404100 0.330078 0.430454 0.348633 0.475842 0.366211 0.502196 0.378906 0.500732 0.383789 0.493411 0.384766 0.477306 0.369141 0.450952 0.351562 0.407028 0.336914 0.383602 0.323242 0.333821 0.309570 0.316252 0.301758 0.311859 0.287109 0.281113
0 0.847656 0.212299 0.847656 0.228404 0.852539 0.237189 0.910156 0.267936 0.955078 0.275256 0.999023 0.276720 0.999023 0.237189 0.958984 0.237189 0.918945 0.231332 0.862305 0.200586 0.852539 0.203514
0 0.177734 0.200586 0.174805 0.213763 0.205078 0.276720 0.220703 0.327965 0.237305 0.355783 0.244141 0.373353 0.250000 0.373353 0.253906 0.364568 0.249023 0.346999 0.236328 0.327965 0.227539 0.307467 0.212891 0.259151 0.189453 0.207906 0.183594 0.200586
0 0.934570 0.109810 0.940430 0.122987 0.999023 0.127379 0.999023 0.109810 0.993164 0.106881 0.985352 0.109810 0.938477 0.102489
0 0.084961 0.067350 0.081055 0.073206 0.080078 0.084919 0.086914 0.125915 0.097656 0.147877 0.125977 0.266471 0.131836 0.279649 0.137695 0.281113 0.141602 0.275256 0.141602 0.267936 0.129883 0.229868 0.113281 0.153734 0.098633 0.117130 0.093750 0.095168 0.092773 0.073206
0 0.000000 0.000000 0.000000 0.013177 0.010742 0.038067 0.014648 0.077599 0.024414 0.127379 0.030273 0.146413 0.038086 0.149341 0.041992 0.137628 0.027344 0.076135 0.021484 0.027818 0.010742 0.000000