0 0.209961 0.613470 0.205078 0.625183 0.196289 0.626647 0.192383 0.638360 0.197266 0.666179 0.197266 0.688141 0.203125 0.715959 0.202148 0.740849 0.214844 0.814056 0.207031 0.808199 0.194336 0.812592 0.188477 0.818448 0.185547 0.831625 0.187500 0.871157 0.192383 0.885798 0.190430 0.919473 0.194336 0.931186 0.199219 0.998536 0.236328 0.998536 0.226562 0.922401 0.212891 0.885798 0.217773 0.859444 0.220703 0.872621 0.229492 0.885798 0.233398 0.898975 0.234375 0.954612 0.243164 0.998536 0.267578 0.998536 0.267578 0.989751 0.271484 0.998536 0.298828 0.998536 0.281250 0.970717 0.277344 0.928258 0.256836 0.862372 0.252930 0.795022 0.241211 0.745242 0.235352 0.708638 0.234375 0.674963 0.223633 0.620791 0.217773 0.612006
0 0.999023 0.490483 0.986328 0.496340 0.969727 0.518302 0.930664 0.535871 0.925781 0.543192 0.916992 0.547584 0.902344 0.572474 0.880859 0.594436 0.880859 0.609078 0.887695 0.616398 0.897461 0.613470 0.972656 0.549048 0.999023 0.538799
0 0.259766 0.442167 0.255859 0.446559 0.252930 0.461201 0.238281 0.456808 0.231445 0.469985 0.235352 0.484627 0.238281 0.521230 0.236328 0.604685 0.248047 0.688141 0.250000 0.736457 0.256836 0.764275 0.257812 0.805271 0.271484 0.850659 0.277344 0.893119 0.284180 0.904832 0.298828 0.909224 0.303711 0.918009 0.320312 0.913616 0.326172 0.903367 0.322266 0.879941 0.323242 0.846266 0.295898 0.781845 0.291992 0.778917 0.282227 0.781845 0.280273 0.799414 0.291016 0.827233 0.297852 0.874085 0.295898 0.879941 0.292969 0.878477 0.289062 0.844802 0.275391 0.799414 0.275391 0.765739 0.267578 0.729136 0.263672 0.657394 0.255859 0.625183 0.252930 0.585652 0.254883 0.553441 0.262695 0.559297 0.270508 0.556369 0.275391 0.535871 0.275391 0.480234 0.272461 0.469985 0.272461 0.450952 0.267578 0.442167
0 0.312500 0.306003 0.307617 0.313324 0.304688 0.335286 0.296875 0.325037 0.287109 0.330893 0.280273 0.360176 0.282227 0.467057 0.288086 0.496340 0.285156 0.582723 0.290039 0.612006 0.291992 0.655930 0.287109 0.647145 0.284180 0.631040 0.277344 0.625183 0.267578 0.632504 0.267578 0.645681 0.274414 0.669107 0.272461 0.704246 0.278320 0.714495 0.284180 0.714495 0.290039 0.707174 0.291992 0.666179 0.293945 0.666179 0.297852 0.699854 0.297852 0.730600 0.302734 0.745242 0.303711 0.774524 0.307617 0.787701 0.312500 0.793558 0.321289 0.793558 0.326172 0.789165 0.330078 0.775988 0.333008 0.787701 0.341797 0.796486 0.351562 0.786237 0.352539 0.759883 0.335938 0.713031 0.334961 0.666179 0.329102 0.604685 0.320312 0.585652 0.323242 0.392387 0.326172 0.361640 0.330078 0.348463 0.327148 0.336750 0.323242 0.333821 0.325195 0.313324 0.320312 0.306003
0 0.999023 0.286969 0.978516 0.292826 0.962891 0.308931 0.940430 0.319180 0.926758 0.330893 0.912109 0.335286 0.832031 0.409956 0.813477 0.431918 0.787109 0.475842 0.773438 0.506589 0.773438 0.521230 0.778320 0.527086 0.784180 0.527086 0.792969 0.540264 0.808594 0.540264 0.823242 0.532943 0.849609 0.483163 0.868164 0.471449 0.894531 0.445095 0.915039 0.415813 0.955078 0.383602 0.978516 0.379209 0.997070 0.366032 0.999023 0.319180 0.987305 0.335286 0.955078 0.355783 0.939453 0.355783 0.922852 0.367496 0.908203 0.390922 0.895508 0.396779 0.871094 0.417277 0.840820 0.459736 0.823242 0.475842 0.810547 0.493411 0.800781 0.496340 0.821289 0.458272 0.839844 0.434846 0.882812 0.393851 0.891602 0.389458 0.897461 0.380673 0.905273 0.377745 0.915039 0.363104 0.930664 0.357247 0.962891 0.335286 0.971680 0.333821 0.986328 0.317716 0.999023 0.313324
0 0.394531 0.172767 0.385742 0.180088 0.375000 0.209370 0.370117 0.243045 0.374023 0.281113 0.372070 0.319180 0.359375 0.392387 0.355469 0.348463 0.357422 0.288433 0.362305 0.238653 0.374023 0.197657 0.372070 0.185944 0.367188 0.181552 0.357422 0.185944 0.343750 0.241581 0.338867 0.295754 0.340820 0.301611 0.337891 0.348463 0.341797 0.424597 0.333008 0.510981 0.333008 0.537335 0.338867 0.566618 0.339844 0.653001 0.351562 0.672035 0.373047 0.674963 0.377930 0.680820 0.387695 0.677892 0.390625 0.669107 0.373047 0.502196 0.376953 0.467057 0.377930 0.392387 0.388672 0.333821 0.393555 0.291362 0.393555 0.257687 0.403320 0.188873 0.401367 0.178624
0 0.963867 0.168375 0.959961 0.163982 0.912109 0.165447 0.875000 0.161054 0.845703 0.175695 0.824219 0.212299 0.785156 0.257687 0.744141 0.316252 0.718750 0.386530 0.683594 0.448023 0.682617 0.472914 0.689453 0.478770 0.695312 0.475842 0.699219 0.464129 0.708008 0.452416 0.705078 0.475842 0.712891 0.484627 0.725586 0.481698 0.746094 0.445095 0.759766 0.427526 0.792969 0.354319 0.815430 0.329429 0.837891 0.295754 0.862305 0.275256 0.876953 0.254758 0.891602 0.244510 0.903320 0.228404 0.928711 0.210835 0.942383 0.193265 0.959961 0.191801 0.965820 0.178624
0 0.495117 0.081991 0.487305 0.083455 0.476562 0.108346 0.449219 0.096633 0.435547 0.117130 0.426758 0.146413 0.420898 0.191801 0.412109 0.225476 0.411133 0.245974 0.397461 0.297218 0.398438 0.308931 0.403320 0.316252 0.396484 0.363104 0.397461 0.389458 0.393555 0.415813 0.394531 0.430454 0.385742 0.538799 0.392578 0.566618 0.411133 0.594436 0.424805 0.592972 0.435547 0.576867 0.438477 0.565154 0.436523 0.505124 0.433594 0.497804 0.437500 0.414348 0.452148 0.345534 0.457031 0.333821 0.459961 0.286969 0.467773 0.245974 0.468750 0.221083 0.474609 0.209370 0.479492 0.175695 0.501953 0.096633 0.500977 0.089312
0 0.847656 0.068814 0.837891 0.061493 0.817383 0.064422 0.789062 0.089312 0.767578 0.114202 0.703125 0.222548 0.680664 0.282577 0.651367 0.345534 0.633789 0.404100 0.621094 0.426061 0.624023 0.404100 0.642578 0.349927 0.661133 0.307467 0.670898 0.267936 0.694336 0.224012 0.713867 0.175695 0.726562 0.158126 0.756836 0.098097 0.754883 0.086384 0.750977 0.081991 0.744141 0.081991 0.735352 0.093704 0.712891 0.139092 0.702148 0.153734 0.680664 0.206442 0.670898 0.219619 0.655273 0.251830 0.643555 0.298682 0.626953 0.335286 0.607422 0.392387 0.599609 0.436310 0.599609 0.452416 0.605469 0.464129 0.631836 0.471449 0.647461 0.459736 0.657227 0.423133 0.675781 0.382138 0.682617 0.358712 0.704102 0.320644 0.727539 0.265007 0.749023 0.231332 0.763672 0.200586 0.791016 0.162518 0.805664 0.133236 0.848633 0.090776 0.850586 0.076135
0 0.715820 0.032211 0.688477 0.032211 0.661133 0.067350 0.645508 0.112738 0.636719 0.153734 0.602539 0.240117 0.593750 0.251830 0.579102 0.327965 0.542969 0.439239 0.550781 0.376281 0.576172 0.275256 0.626953 0.125915 0.649414 0.086384 0.653320 0.071742 0.651367 0.062958 0.646484 0.057101 0.637695 0.060029 0.612305 0.109810 0.581055 0.196193 0.541992 0.329429 0.530273 0.383602 0.522461 0.439239 0.522461 0.452416 0.526367 0.462665 0.547852 0.467057 0.557617 0.478770 0.566406 0.475842 0.571289 0.465593 0.580078 0.408492 0.622070 0.288433 0.635742 0.235725 0.658203 0.190337 0.676758 0.134700 0.703125 0.093704 0.715820 0.067350 0.719727 0.049780 0.719727 0.039531
0 0.605469 0.030747 0.596680 0.035139 0.588867 0.048316 0.582031 0.048316 0.571289 0.057101 0.559570 0.077599 0.536133 0.178624 0.533203 0.224012 0.525391 0.248902 0.517578 0.257687 0.508789 0.279649 0.502930 0.327965 0.483398 0.412884 0.482422 0.386530 0.492188 0.319180 0.502930 0.289898 0.507812 0.248902 0.517578 0.209370 0.520508 0.184480 0.527344 0.163982 0.533203 0.124451 0.549805 0.083455 0.552734 0.052709 0.544922 0.054173 0.530273 0.068814 0.523438 0.096633 0.510742 0.122987 0.500000 0.155198 0.489258 0.204978 0.474609 0.319180 0.465820 0.344070 0.452148 0.461201 0.452148 0.477306 0.458008 0.505124 0.464844 0.510981 0.473633 0.509517 0.483398 0.527086 0.491211 0.527086 0.496094 0.518302 0.504883 0.427526 0.522461 0.358712 0.524414 0.323572 0.530273 0.297218 0.546875 0.251830 0.562500 0.175695 0.588867 0.109810 0.593750 0.077599 0.612305 0.051245 0.612305 0.039531