0 0.403320 0.613470 0.398438 0.622255 0.401367 0.641288 0.420898 0.696925 0.431641 0.743777 0.432617 0.762811 0.457031 0.838946 0.458984 0.857980 0.462891 0.863836 0.477539 0.863836 0.485352 0.850659 0.485352 0.828697 0.479492 0.796486 0.457031 0.752562 0.445312 0.736457 0.433594 0.680820 0.419922 0.651537 0.410156 0.616398
0 0.250977 0.609078 0.248047 0.613470 0.246094 0.631040 0.253906 0.699854 0.276367 0.811127 0.279297 0.816984 0.287109 0.819912 0.314453 0.818448 0.319336 0.806735 0.309570 0.765739 0.282227 0.714495 0.269531 0.645681 0.264648 0.639824 0.258789 0.612006
0 0.603516 0.399707 0.600586 0.415813 0.604492 0.426061 0.628906 0.465593 0.638672 0.496340 0.647461 0.497804 0.653320 0.478770 0.648438 0.449488 0.618164 0.401171 0.610352 0.396779
0 0.462891 0.396779 0.458984 0.405564 0.461914 0.453880 0.469727 0.483163 0.485352 0.518302 0.496094 0.531479 0.502930 0.532943 0.505859 0.524158 0.516602 0.512445 0.520508 0.486091 0.519531 0.465593 0.484375 0.402635 0.470703 0.395315
0 0.343750 0.371889 0.340820 0.385066 0.349609 0.408492 0.356445 0.465593 0.365234 0.478770 0.371094 0.472914 0.371094 0.465593 0.364258 0.437775 0.363281 0.412884 0.351562 0.374817
0 0.304688 0.357247 0.299805 0.368960 0.306641 0.379209 0.313477 0.402635 0.332031 0.445095 0.333008 0.465593 0.338867 0.483163 0.346680 0.487555 0.350586 0.481698 0.348633 0.446559 0.333008 0.376281 0.323242 0.363104
0 0.583008 0.295754 0.582031 0.310395 0.587891 0.319180 0.594727 0.319180 0.606445 0.307467 0.604492 0.294290 0.599609 0.289898 0.587891 0.289898
0 0.452148 0.282577 0.443359 0.295754 0.443359 0.319180 0.452148 0.330893 0.460938 0.330893 0.468750 0.322108 0.470703 0.310395 0.464844 0.294290
0 0.293945 0.273792 0.296875 0.279649 0.316406 0.278184 0.322266 0.272328 0.323242 0.262079 0.320312 0.257687 0.312500 0.260615 0.302734 0.257687 0.293945 0.266471
0 0.156250 0.254758 0.152344 0.263543 0.146484 0.262079 0.142578 0.269400 0.145508 0.307467 0.153320 0.339678 0.151367 0.360176 0.153320 0.370425 0.160156 0.380673 0.172852 0.387994 0.174805 0.407028 0.181641 0.409956 0.195312 0.396779 0.205078 0.393851 0.208984 0.383602 0.204102 0.371889 0.200195 0.345534 0.186523 0.314788 0.175781 0.279649 0.167969 0.273792 0.163086 0.254758
0 0.156250 0.162518 0.155273 0.171303 0.159180 0.177160 0.168945 0.177160 0.173828 0.169839 0.169922 0.159590 0.163086 0.158126
0 0.005859 0.095168 0.000000 0.108346 0.000000 0.237189 0.009766 0.275256 0.019531 0.288433 0.025391 0.288433 0.029297 0.282577 0.032227 0.259151 0.040039 0.257687 0.042969 0.250366 0.041992 0.244510 0.031250 0.235725 0.024414 0.212299 0.020508 0.175695 0.021484 0.156662 0.016602 0.140556 0.016602 0.103953 0.011719 0.095168