0 0.001838235294117647 0.3020689655172414 0 0.3448275862068966 0.004595588235294118 0.3820689655172414 0.011029411764705883 0.3641379310344828 0.009191176470588236 0.35586206896551725 0.012867647058823529 0.3503448275862069 0.019301470588235295 0.296551724137931
0 0.05974264705882353 0.36137931034482756 0.05974264705882353 0.383448275862069 0.06709558823529412 0.38482758620689655 0.07077205882352941 0.39448275862068966 0.07536764705882353 0.3903448275862069 0.09283088235294118 0.34344827586206894 0.09926470588235294 0.3393103448275862 0.10753676470588236 0.32275862068965516 0.12316176470588236 0.2593103448275862 0.10110294117647059 0.2620689655172414 0.08088235294117647 0.2772413793103448 0.07904411764705882 0.2993103448275862
0 0.15625 0.3489655172413793 0.15625 0.37103448275862067 0.16544117647058823 0.37517241379310345 0.16727941176470587 0.38068965517241377 0.17279411764705882 0.3779310344827586 0.18106617647058823 0.3627586206896552 0.1801470588235294 0.35586206896551725 0.18474264705882354 0.34344827586206894 0.19209558823529413 0.3351724137931035 0.1957720588235294 0.33793103448275863 0.20680147058823528 0.3213793103448276 0.20955882352941177 0.32413793103448274 0.21323529411764705 0.3062068965517241 0.23161764705882354 0.2786206896551724 0.23529411764705882 0.26620689655172414 0.24540441176470587 0.25517241379310346 0.24632352941176472 0.2482758620689655 0.21966911764705882 0.24275862068965517 0.19852941176470587 0.2482758620689655
0 0.25827205882352944 0.33793103448275863 0.25735294117647056 0.3489655172413793 0.26286764705882354 0.36137931034482756 0.2647058823529412 0.3820689655172414 0.2693014705882353 0.3820689655172414 0.29871323529411764 0.34620689655172415 0.3226102941176471 0.30482758620689654 0.3272058823529412 0.30344827586206896 0.3336397058823529 0.2910344827586207 0.34191176470588236 0.2882758620689655 0.35202205882352944 0.2689655172413793 0.35661764705882354 0.2675862068965517 0.35661764705882354 0.2620689655172414 0.32077205882352944 0.2524137931034483 0.29871323529411764 0.2593103448275862 0.296875 0.2717241379310345 0.2775735294117647 0.296551724137931
0 0.359375 0.3696551724137931 0.359375 0.38620689655172413 0.3630514705882353 0.3972413793103448 0.38143382352941174 0.37655172413793103 0.40349264705882354 0.3737931034482759 0.4099264705882353 0.36551724137931035 0.4108455882352941 0.35724137931034483 0.4209558823529412 0.35310344827586204 0.43474264705882354 0.3351724137931035 0.4641544117647059 0.3103448275862069 0.4641544117647059 0.3006896551724138 0.44577205882352944 0.2882758620689655 0.42003676470588236 0.28551724137931034 0.3915441176470588 0.31862068965517243 0.37683823529411764 0.34344827586206894 0.37316176470588236 0.34206896551724136
0 0.4632352941176471 0.3986206896551724 0.46047794117647056 0.4068965517241379 0.4632352941176471 0.416551724137931 0.4797794117647059 0.42482758620689653 0.49264705882352944 0.41793103448275865 0.49264705882352944 0.4110344827586207 0.4963235294117647 0.40827586206896554 0.5193014705882353 0.4110344827586207 0.5220588235294118 0.40551724137931033 0.5376838235294118 0.40413793103448276 0.5441176470588235 0.3917241379310345 0.5606617647058824 0.3917241379310345 0.5606617647058824 0.38068965517241377 0.5753676470588235 0.3682758620689655 0.5431985294117647 0.34344827586206894 0.5266544117647058 0.33793103448275863 0.5202205882352942 0.3489655172413793 0.5045955882352942 0.3586206896551724 0.5027573529411765 0.3641379310344828 0.47702205882352944 0.383448275862069 0.4733455882352941 0.3931034482758621
0 0.5560661764705882 0.4689655172413793 0.5551470588235294 0.4827586206896552 0.5680147058823529 0.4868965517241379 0.6011029411764706 0.4731034482758621 0.6488970588235294 0.47172413793103446 0.6727941176470589 0.4593103448275862 0.6663602941176471 0.45655172413793105 0.6580882352941176 0.4386206896551724 0.6443014705882353 0.42482758620689653 0.6286764705882353 0.41793103448275865 0.5882352941176471 0.44
0 0.640625 0.56 0.6387867647058824 0.5806896551724138 0.6443014705882353 0.5862068965517241 0.6645220588235294 0.5862068965517241 0.6783088235294118 0.5917241379310345 0.7371323529411765 0.5848275862068966 0.7757352941176471 0.5917241379310345 0.7362132352941176 0.5255172413793103 0.7233455882352942 0.5172413793103449 0.6525735294117647 0.5420689655172414
0 0.7261029411764706 0.6675862068965517 0.7251838235294118 0.6813793103448276 0.7398897058823529 0.6896551724137931 0.7766544117647058 0.6868965517241379 0.7876838235294118 0.6924137931034483 0.7996323529411765 0.7062068965517241 0.8143382352941176 0.7020689655172414 0.8226102941176471 0.7089655172413794 0.8308823529411765 0.7089655172413794 0.8363970588235294 0.7158620689655173 0.84375 0.7144827586206897 0.8345588235294118 0.6855172413793104 0.8170955882352942 0.6496551724137931 0.8079044117647058 0.64 0.7536764705882353 0.6427586206896552 0.7380514705882353 0.6496551724137931 0.7334558823529411 0.6648275862068965
0 0.7931985294117647 0.7862068965517242 0.7922794117647058 0.7931034482758621 0.796875 0.8 0.7931985294117647 0.8096551724137931 0.7987132352941176 0.8206896551724138 0.8216911764705882 0.8206896551724138 0.8520220588235294 0.8317241379310345 0.8584558823529411 0.84 0.8621323529411765 0.8317241379310345 0.8805147058823529 0.8372413793103448 0.890625 0.856551724137931 0.8878676470588235 0.8620689655172413 0.8970588235294118 0.8675862068965517 0.8979779411764706 0.8758620689655172 0.9053308823529411 0.8731034482758621 0.8970588235294118 0.833103448275862 0.8805147058823529 0.7862068965517242 0.8722426470588235 0.7724137931034483 0.8658088235294118 0.7682758620689655 0.8492647058823529 0.7724137931034483 0.8023897058823529 0.7710344827586207 0.796875 0.7751724137931034
0 0.8511029411764706 0.9241379310344827 0.8511029411764706 0.9282758620689655 0.8584558823529411 0.9296551724137931 0.8621323529411765 0.9379310344827586 0.8795955882352942 0.9434482758620689 0.8832720588235294 0.9503448275862069 0.8823529411764706 0.9627586206896551 0.8915441176470589 0.9668965517241379 0.8961397058823529 0.976551724137931 0.9053308823529411 0.976551724137931 0.9071691176470589 0.9862068965517241 0.9117647058823529 0.9848275862068966 0.9255514705882353 0.9944827586206897 0.9347426470588235 0.9944827586206897 0.9384191176470589 0.9875862068965517 0.9365808823529411 0.9586206896551724 0.9292279411764706 0.9310344827586207 0.921875 0.9227586206896552 0.9108455882352942 0.9255172413793104 0.8998161764705882 0.9186206896551724 0.8933823529411765 0.9241379310344827 0.8878676470588235 0.9227586206896552 0.8869485294117647 0.9172413793103448 0.8731617647058824 0.9158620689655173 0.8630514705882353 0.9213793103448276 0.8575367647058824 0.9172413793103448