0 0.050551470588235295 0.37103448275862067 0.05238970588235294 0.3972413793103448 0.04503676470588235 0.4096551724137931 0.04503676470588235 0.4206896551724138 0.051470588235294115 0.4317241379310345 0.05698529411764706 0.43310344827586206 0.06709558823529412 0.4220689655172414 0.08088235294117647 0.3875862068965517 0.08272058823529412 0.3489655172413793 0.09375 0.33379310344827584 0.10386029411764706 0.30758620689655175 0.11580882352941177 0.26482758620689656 0.11397058823529412 0.2593103448275862 0.09191176470588236 0.26068965517241377 0.07261029411764706 0.27586206896551724 0.0744485294117647 0.2786206896551724 0.06985294117647059 0.3006896551724138
0 0.003676470588235294 0.30758620689655175 0 0.30758620689655175 0 0.36137931034482756 0.008272058823529412 0.3351724137931035 0.008272058823529412 0.30896551724137933
0 0.14154411764705882 0.35310344827586204 0.13970588235294118 0.37655172413793103 0.14705882352941177 0.3875862068965517 0.15441176470588236 0.3875862068965517 0.16911764705882354 0.35724137931034483 0.1792279411764706 0.31724137931034485 0.19852941176470587 0.2813793103448276 0.21323529411764705 0.2289655172413793 0.18106617647058823 0.2413793103448276 0.17830882352941177 0.2620689655172414 0.16084558823529413 0.2979310344827586
0 0.25 0.32689655172413795 0.25 0.3406896551724138 0.25735294117647056 0.35310344827586204 0.26746323529411764 0.35172413793103446 0.28860294117647056 0.31310344827586206 0.3134191176470588 0.2882758620689655 0.32996323529411764 0.26068965517241377 0.3382352941176471 0.2317241379310345 0.3235294117647059 0.22482758620689655 0.2977941176470588 0.2303448275862069 0.2757352941176471 0.2717241379310345 0.27389705882352944 0.2813793103448276 0.265625 0.2896551724137931
0 0.3602941176470588 0.31724137931034485 0.35753676470588236 0.3296551724137931 0.35202205882352944 0.3351724137931035 0.35753676470588236 0.33655172413793105 0.36580882352941174 0.35586206896551725 0.37683823529411764 0.35310344827586204 0.3851102941176471 0.3310344827586207 0.4025735294117647 0.30482758620689654 0.43933823529411764 0.26068965517241377 0.43933823529411764 0.2482758620689655 0.43106617647058826 0.24275862068965517 0.41360294117647056 0.24275862068965517
0 0.4586397058823529 0.35172413793103446 0.4586397058823529 0.3586206896551724 0.45496323529411764 0.36551724137931035 0.4522058823529412 0.3627586206896552 0.45036764705882354 0.3737931034482759 0.44025735294117646 0.37655172413793103 0.44025735294117646 0.3889655172413793 0.44669117647058826 0.40551724137931033 0.4632352941176471 0.4013793103448276 0.48161764705882354 0.3820689655172414 0.48621323529411764 0.37103448275862067 0.4990808823529412 0.36689655172413793 0.5257352941176471 0.34758620689655173 0.5275735294117647 0.3393103448275862 0.5358455882352942 0.33379310344827584 0.5422794117647058 0.31862068965517243 0.5514705882352942 0.31724137931034485 0.5533088235294118 0.3062068965517241 0.5395220588235294 0.30482758620689654 0.5395220588235294 0.29379310344827586 0.5183823529411765 0.2924137931034483 0.5248161764705882 0.2993103448275862 0.5229779411764706 0.30344827586206896 0.5045955882352942 0.3062068965517241 0.48713235294117646 0.3213793103448276 0.4834558823529412 0.33241379310344826 0.4724264705882353 0.33655172413793105 0.47150735294117646 0.34620689655172415
0 0.5422794117647058 0.4193103448275862 0.5358455882352942 0.43448275862068964 0.5441176470588235 0.44551724137931037 0.5735294117647058 0.4386206896551724 0.6056985294117647 0.41517241379310343 0.6332720588235294 0.40413793103448276 0.6608455882352942 0.3793103448275862 0.6397058823529411 0.3586206896551724 0.6305147058823529 0.3544827586206897 0.6176470588235294 0.35724137931034483
0 0.6305147058823529 0.4910344827586207 0.6259191176470589 0.496551724137931 0.6268382352941176 0.5048275862068966 0.6305147058823529 0.5117241379310344 0.640625 0.5158620689655172 0.6957720588235294 0.4882758620689655 0.7233455882352942 0.48137931034482756 0.7481617647058824 0.46620689655172415 0.7334558823529411 0.4482758620689655 0.7215073529411765 0.44413793103448274 0.6838235294117647 0.4606896551724138 0.6700367647058824 0.46206896551724136 0.6507352941176471 0.4772413793103448 0.6498161764705882 0.4868965517241379 0.6452205882352942 0.48413793103448277
0 0.7270220588235294 0.5903448275862069 0.7297794117647058 0.6124137931034482 0.7444852941176471 0.6151724137931035 0.7647058823529411 0.6082758620689656 0.7784926470588235 0.5944827586206897 0.8069852941176471 0.5917241379310345 0.8318014705882353 0.5806896551724138 0.8134191176470589 0.5531034482758621 0.8069852941176471 0.5531034482758621 0.7509191176470589 0.5668965517241379 0.7371323529411765 0.5737931034482758
0 0.7886029411764706 0.6882758620689655 0.7913602941176471 0.7117241379310345 0.7987132352941176 0.7186206896551725 0.8125 0.7213793103448276 0.8318014705882353 0.7172413793103448 0.8630514705882353 0.7213793103448276 0.8740808823529411 0.7296551724137931 0.8970588235294118 0.7337931034482759 0.9071691176470589 0.7310344827586207 0.9007352941176471 0.7075862068965517 0.8832720588235294 0.6786206896551724
0 0.8327205882352942 0.8137931034482758 0.8327205882352942 0.8234482758620689 0.8262867647058824 0.8344827586206897 0.8354779411764706 0.8455172413793104 0.8713235294117647 0.8551724137931035 0.890625 0.8524137931034482 0.9319852941176471 0.863448275862069 0.9568014705882353 0.8620689655172413 0.9540441176470589 0.8455172413793104 0.9402573529411765 0.8193103448275862 0.9090073529411765 0.8206896551724138 0.8584558823529411 0.8082758620689655 0.8382352941176471 0.8082758620689655
0 0.8878676470588235 0.9475862068965517 0.8869485294117647 0.9696551724137931 0.8915441176470589 0.976551724137931 0.9126838235294118 0.9862068965517241 0.9136029411764706 0.9944827586206897 0.9485294117647058 0.9986206896551724 0.9825367647058824 0.9944827586206897 0.9834558823529411 0.9820689655172414 0.9806985294117647 0.976551724137931 0.9145220588235294 0.9517241379310345 0.9044117647058824 0.9517241379310345 0.8998161764705882 0.9462068965517242