0 0.4053308823529412 0.24 0.40900735294117646 0.24551724137931036 0.4099264705882353 0.25655172413793104 0.40625 0.26482758620689656 0.39889705882352944 0.2717241379310345 0.3952205882352941 0.30344827586206896 0.3915441176470588 0.31862068965517243 0.3869485294117647 0.32827586206896553 0.38143382352941174 0.3310344827586207 0.37775735294117646 0.33793103448275863 0.37316176470588236 0.37103448275862067 0.36764705882352944 0.3889655172413793 0.3639705882352941 0.41379310344827586 0.36121323529411764 0.4193103448275862 0.35661764705882354 0.4510344827586207 0.3547794117647059 0.48137931034482756 0.34650735294117646 0.5213793103448275 0.34375 0.5503448275862068 0.34650735294117646 0.5862068965517241 0.3400735294117647 0.5958620689655172 0.33088235294117646 0.593103448275862 0.32628676470588236 0.5820689655172414 0.3244485294117647 0.5448275862068965 0.3272058823529412 0.5158620689655172 0.33088235294117646 0.503448275862069 0.33639705882352944 0.4675862068965517 0.33731617647058826 0.44413793103448274 0.34099264705882354 0.4193103448275862 0.35753676470588236 0.3448275862068966 0.359375 0.32689655172413795 0.36672794117647056 0.30896551724137933 0.3713235294117647 0.2868965517241379 0.3795955882352941 0.27034482758620687 0.3795955882352941 0.2620689655172414 0.38235294117647056 0.2537931034482759 0.39246323529411764 0.2413793103448276 0.39705882352941174 0.2386206896551724 0.40441176470588236 0.24
0 0.4181985294117647 0.3296551724137931 0.4255514705882353 0.33655172413793105 0.4264705882352941 0.3489655172413793 0.42463235294117646 0.3544827586206897 0.41360294117647056 0.3682758620689655 0.40349264705882354 0.3931034482758621 0.4025735294117647 0.4220689655172414 0.39797794117647056 0.44551724137931037 0.390625 0.5172413793103449 0.38235294117647056 0.5558620689655173 0.3759191176470588 0.6 0.3740808823529412 0.6593103448275862 0.3795955882352941 0.6772413793103448 0.3795955882352941 0.6868965517241379 0.37316176470588236 0.696551724137931 0.36672794117647056 0.696551724137931 0.36121323529411764 0.6896551724137931 0.3547794117647059 0.6662068965517242 0.35753676470588236 0.5862068965517241 0.37224264705882354 0.5062068965517241 0.37224264705882354 0.49379310344827587 0.3759191176470588 0.47448275862068967 0.3795955882352941 0.43310344827586206 0.38235294117647056 0.42344827586206896 0.38327205882352944 0.3972413793103448 0.3860294117647059 0.3793103448275862 0.4007352941176471 0.3448275862068966 0.40900735294117646 0.33379310344827584 0.4172794117647059 0.3296551724137931
0 0.44025735294117646 0.4124137931034483 0.44485294117647056 0.4220689655172414 0.44485294117647056 0.43586206896551727 0.44025735294117646 0.4593103448275862 0.4329044117647059 0.4786206896551724 0.4264705882352941 0.5406896551724137 0.4255514705882353 0.5820689655172414 0.4209558823529412 0.6151724137931035 0.4209558823529412 0.7089655172413794 0.42371323529411764 0.7324137931034482 0.4338235294117647 0.7613793103448275 0.4319852941176471 0.7724137931034483 0.4273897058823529 0.7779310344827586 0.4181985294117647 0.776551724137931 0.41268382352941174 0.766896551724138 0.4053308823529412 0.7448275862068966 0.4016544117647059 0.713103448275862 0.4016544117647059 0.6096551724137931 0.4071691176470588 0.5682758620689655 0.4071691176470588 0.5351724137931034 0.41452205882352944 0.4675862068965517 0.4227941176470588 0.44551724137931037 0.4264705882352941 0.41793103448275865 0.4319852941176471 0.4110344827586207 0.43933823529411764 0.4124137931034483
0 0.49264705882352944 0.4689655172413793 0.4963235294117647 0.47448275862068967 0.49724264705882354 0.48551724137931035 0.49356617647058826 0.49379310344827587 0.4889705882352941 0.496551724137931 0.4806985294117647 0.5144827586206897 0.4797794117647059 0.5213793103448275 0.48161764705882354 0.5848275862068966 0.4834558823529412 0.5903448275862069 0.48713235294117646 0.6413793103448275 0.4898897058823529 0.6524137931034483 0.49172794117647056 0.6841379310344827 0.49172794117647056 0.7793103448275862 0.4944852941176471 0.7931034482758621 0.4944852941176471 0.8179310344827586 0.48621323529411764 0.8289655172413793 0.4788602941176471 0.8275862068965517 0.4733455882352941 0.8165517241379311 0.4641544117647059 0.7586206896551724 0.4632352941176471 0.7296551724137931 0.4568014705882353 0.6868965517241379 0.453125 0.6455172413793103 0.45036764705882354 0.5393103448275862 0.4522058823529412 0.5310344827586206 0.4522058823529412 0.5144827586206897 0.4586397058823529 0.48137931034482756 0.4696691176470588 0.4689655172413793 0.49172794117647056 0.4689655172413793
0 0.5330882352941176 0.52 0.5367647058823529 0.5282758620689655 0.5386029411764706 0.5420689655172414 0.5376838235294118 0.6068965517241379 0.5395220588235294 0.6124137931034482 0.5422794117647058 0.6662068965517242 0.5422794117647058 0.7586206896551724 0.5487132352941176 0.7986206896551724 0.5615808823529411 0.8206896551724138 0.5634191176470589 0.8275862068965517 0.5615808823529411 0.84 0.5533088235294118 0.8482758620689655 0.5431985294117647 0.8482758620689655 0.5358455882352942 0.8427586206896551 0.5294117647058824 0.833103448275862 0.5238970588235294 0.8193103448275862 0.5137867647058824 0.7655172413793103 0.5147058823529411 0.7613793103448275 0.5091911764705882 0.7255172413793104 0.5036764705882353 0.6496551724137931 0.5045955882352942 0.5296551724137931 0.5073529411764706 0.5213793103448275 0.5128676470588235 0.5172413793103449 0.5193014705882353 0.52 0.5284926470588235 0.5172413793103449 0.5321691176470589 0.52
0 0.5882352941176471 0.5489655172413793 0.59375 0.5544827586206896 0.5974264705882353 0.5710344827586207 0.609375 0.6827586206896552 0.6240808823529411 0.7613793103448275 0.6295955882352942 0.7806896551724138 0.6470588235294118 0.8206896551724138 0.6525735294117647 0.8386206896551724 0.6507352941176471 0.8510344827586207 0.6461397058823529 0.856551724137931 0.6397058823529411 0.856551724137931 0.6332720588235294 0.8524137931034482 0.6176470588235294 0.8234482758620689 0.609375 0.8013793103448276 0.6020220588235294 0.7737931034482759 0.5836397058823529 0.7241379310344828 0.5735294117647058 0.6758620689655173 0.5707720588235294 0.6537931034482759 0.5643382352941176 0.6303448275862069 0.5560661764705882 0.5820689655172414 0.5560661764705882 0.5724137931034483 0.5698529411764706 0.5517241379310345 0.5873161764705882 0.5489655172413793
0 0.640625 0.543448275862069 0.6534926470588235 0.5613793103448276 0.6608455882352942 0.5779310344827586 0.671875 0.6193103448275862 0.6792279411764706 0.6220689655172413 0.6838235294117647 0.6289655172413793 0.6939338235294118 0.6579310344827586 0.7012867647058824 0.670344827586207 0.703125 0.68 0.7095588235294118 0.6937931034482758 0.7113970588235294 0.7034482758620689 0.7270220588235294 0.7462068965517241 0.7297794117647058 0.76 0.7444852941176471 0.7972413793103448 0.7665441176470589 0.8262068965517242 0.7665441176470589 0.8427586206896551 0.7582720588235294 0.8496551724137931 0.7490808823529411 0.8441379310344828 0.7325367647058824 0.8262068965517242 0.7242647058823529 0.8206896551724138 0.7086397058823529 0.7986206896551724 0.6838235294117647 0.7420689655172413 0.6773897058823529 0.7324137931034482 0.6727941176470589 0.7186206896551725 0.6626838235294118 0.7034482758620689 0.6525735294117647 0.6813793103448276 0.6470588235294118 0.663448275862069 0.6378676470588235 0.616551724137931 0.6231617647058824 0.576551724137931 0.6231617647058824 0.5627586206896552 0.6268382352941176 0.5489655172413793 0.6323529411764706 0.5420689655172414 0.6397058823529411 0.543448275862069
0 0.7169117647058824 0.5393103448275862 0.7270220588235294 0.5489655172413793 0.7481617647058824 0.5834482758620689 0.7748161764705882 0.6179310344827587 0.8033088235294118 0.6662068965517242 0.8584558823529411 0.7324137931034482 0.8759191176470589 0.743448275862069 0.9126838235294118 0.7531034482758621 0.9163602941176471 0.7613793103448275 0.9154411764705882 0.7724137931034483 0.9090073529411765 0.7793103448275862 0.9099264705882353 0.783448275862069 0.9080882352941176 0.7903448275862069 0.8998161764705882 0.7972413793103448 0.8722426470588235 0.7972413793103448 0.8584558823529411 0.7903448275862069 0.8161764705882353 0.7613793103448275 0.7895220588235294 0.7337931034482759 0.7748161764705882 0.7117241379310345 0.7444852941176471 0.6537931034482759 0.7398897058823529 0.6496551724137931 0.7196691176470589 0.616551724137931 0.703125 0.5834482758620689 0.6994485294117647 0.5710344827586207 0.6948529411764706 0.5655172413793104 0.6939338235294118 0.5489655172413793 0.6994485294117647 0.5351724137931034 0.7077205882352942 0.5324137931034483 0.7159926470588235 0.5393103448275862
0 0.37775735294117646 0 0.3795955882352941 0.006896551724137931 0.37775735294117646 0.015172413793103448 0.3584558823529412 0.04689655172413793 0.34558823529411764 0.08551724137931034 0.3428308823529412 0.08827586206896551 0.328125 0.12413793103448276 0.3244485294117647 0.14344827586206896 0.32536764705882354 0.1489655172413793 0.3180147058823529 0.18620689655172415 0.3180147058823529 0.1889655172413793 0.3235294117647059 0.19448275862068964 0.32628676470588236 0.2110344827586207 0.3226102941176471 0.22482758620689655 0.3170955882352941 0.2289655172413793 0.31066176470588236 0.2289655172413793 0.30330882352941174 0.22482758620689655 0.2922794117647059 0.20689655172413793 0.2922794117647059 0.18758620689655173 0.2977941176470588 0.15724137931034482 0.31985294117647056 0.0993103448275862 0.32628676470588236 0.0896551724137931 0.3483455882352941 0.02482758620689655 0.36672794117647056 0 0.37683823529411764 0
0 0.3952205882352941 0.04689655172413793 0.39797794117647056 0.05517241379310345 0.39705882352941174 0.05931034482758621 0.3869485294117647 0.07172413793103448 0.38878676470588236 0.07724137931034483 0.38786764705882354 0.08137931034482758 0.38419117647058826 0.08689655172413793 0.3704044117647059 0.13655172413793104 0.35753676470588236 0.16689655172413792 0.34650735294117646 0.21793103448275863 0.3272058823529412 0.27034482758620687 0.3088235294117647 0.3351724137931035 0.30330882352941174 0.3393103448275862 0.29871323529411764 0.33655172413793105 0.2959558823529412 0.32827586206896553 0.2977941176470588 0.31310344827586206 0.296875 0.2993103448275862 0.31433823529411764 0.23724137931034484 0.3318014705882353 0.1889655172413793 0.3336397058823529 0.16827586206896553 0.34099264705882354 0.1310344827586207 0.34558823529411764 0.12137931034482759 0.35202205882352944 0.09793103448275862 0.35753676470588236 0.0910344827586207 0.36580882352941174 0.07172413793103448 0.37316176470588236 0.06482758620689655 0.375 0.05931034482758621 0.3851102941176471 0.04689655172413793 0.3897058823529412 0.044137931034482755 0.3943014705882353 0.04689655172413793
0 0.4007352941176471 0.14758620689655172 0.40625 0.15172413793103448 0.40808823529411764 0.15862068965517243 0.4071691176470588 0.16275862068965516 0.38327205882352944 0.2013793103448276 0.37224264705882354 0.22620689655172413 0.36213235294117646 0.2620689655172414 0.35661764705882354 0.2910344827586207 0.34650735294117646 0.32413793103448274 0.3327205882352941 0.3586206896551724 0.328125 0.37655172413793103 0.3226102941176471 0.40413793103448276 0.3235294117647059 0.4220689655172414 0.3272058823529412 0.43724137931034485 0.3272058823529412 0.45379310344827584 0.3235294117647059 0.46620689655172415 0.31893382352941174 0.4731034482758621 0.31066176470588236 0.4786206896551724 0.30330882352941174 0.47172413793103446 0.29963235294117646 0.4606896551724138 0.3005514705882353 0.43310344827586206 0.3023897058823529 0.42758620689655175 0.30514705882352944 0.3917241379310345 0.31525735294117646 0.36 0.32077205882352944 0.3255172413793103 0.328125 0.296551724137931 0.3382352941176471 0.27034482758620687 0.3639705882352941 0.18758620689655173 0.38143382352941174 0.15862068965517243 0.390625 0.1503448275862069 0.39981617647058826 0.1489655172413793