0 0.34099264705882354 0.006896551724137931 0.3474264705882353 0.016551724137931035 0.36213235294117646 0.011034482758620689 0.36764705882352944 0.013793103448275862 0.3713235294117647 0.020689655172413793 0.3713235294117647 0.031724137931034485 0.36764705882352944 0.038620689655172416 0.35753676470588236 0.041379310344827586 0.33639705882352944 0.057931034482758624 0.328125 0.07310344827586207 0.3272058823529412 0.07862068965517241 0.3226102941176471 0.08551724137931034 0.3170955882352941 0.08827586206896551 0.3115808823529412 0.08551724137931034 0.3069852941176471 0.07310344827586207 0.30974264705882354 0.05931034482758621 0.31433823529411764 0.05103448275862069 0.31525735294117646 0.038620689655172416 0.33088235294117646 0.008275862068965517 0.33639705882352944 0.005517241379310344 0.3400735294117647 0.006896551724137931
0 0.35202205882352944 0.04275862068965517 0.3602941176470588 0.0496551724137931 0.36213235294117646 0.057931034482758624 0.36121323529411764 0.06344827586206897 0.3492647058823529 0.08275862068965517 0.3318014705882353 0.12 0.32536764705882354 0.14620689655172414 0.3170955882352941 0.1696551724137931 0.31066176470588236 0.22344827586206897 0.30606617647058826 0.2289655172413793 0.29871323529411764 0.2289655172413793 0.29411764705882354 0.22344827586206897 0.2922794117647059 0.21517241379310345 0.3005514705882353 0.15172413793103448 0.3069852941176471 0.13517241379310344 0.3161764705882353 0.1006896551724138 0.32169117647058826 0.09241379310344827 0.3244485294117647 0.08275862068965517 0.34191176470588236 0.05103448275862069 0.34650735294117646 0.04551724137931035 0.35110294117647056 0.044137931034482755
0 0.38419117647058826 0.05103448275862069 0.39246323529411764 0.057931034482758624 0.3943014705882353 0.06620689655172414 0.39338235294117646 0.07172413793103448 0.38419117647058826 0.08689655172413793 0.38235294117647056 0.09655172413793103 0.37683823529411764 0.10896551724137932 0.37224264705882354 0.13241379310344828 0.359375 0.16551724137931034 0.35294117647058826 0.17655172413793102 0.34099264705882354 0.21517241379310345 0.3226102941176471 0.26068965517241377 0.32169117647058826 0.27034482758620687 0.3170955882352941 0.2813793103448276 0.31433823529411764 0.29517241379310344 0.3069852941176471 0.3586206896551724 0.3023897058823529 0.3641379310344828 0.29503676470588236 0.3641379310344828 0.29044117647058826 0.3586206896551724 0.28860294117647056 0.3503448275862069 0.28860294117647056 0.33655172413793105 0.29871323529411764 0.27034482758620687 0.30330882352941174 0.2593103448275862 0.3088235294117647 0.23586206896551723 0.3244485294117647 0.1986206896551724 0.33639705882352944 0.16 0.3538602941176471 0.12137931034482759 0.3556985294117647 0.10896551724137932 0.36764705882352944 0.06896551724137931 0.3740808823529412 0.057931034482758624 0.38327205882352944 0.05241379310344828
0 0.390625 0.16275862068965516 0.39889705882352944 0.1696551724137931 0.4007352941176471 0.17793103448275863 0.39981617647058826 0.18344827586206897 0.38235294117647056 0.21241379310344827 0.37224264705882354 0.263448275862069 0.3584558823529412 0.3006896551724138 0.35110294117647056 0.3117241379310345 0.3446691176470588 0.32689655172413795 0.3400735294117647 0.34344827586206894 0.3327205882352941 0.38620689655172413 0.3226102941176471 0.4206896551724138 0.3235294117647059 0.4262068965517241 0.31893382352941174 0.4579310344827586 0.31985294117647056 0.48137931034482756 0.3180147058823529 0.4896551724137931 0.3134191176470588 0.49517241379310345 0.30606617647058826 0.49517241379310345 0.3014705882352941 0.4896551724137931 0.29963235294117646 0.48137931034482756 0.29963235294117646 0.45379310344827584 0.30514705882352944 0.40551724137931033 0.31066176470588236 0.3903448275862069 0.3244485294117647 0.32275862068965516 0.3336397058823529 0.296551724137931 0.34375 0.28 0.35202205882352944 0.2579310344827586 0.36580882352941174 0.19724137931034483 0.3805147058823529 0.1696551724137931 0.3897058823529412 0.16413793103448276
0 0.3943014705882353 0.2496551724137931 0.4016544117647059 0.2524137931034483 0.40625 0.26482758620689656 0.40441176470588236 0.2731034482758621 0.39797794117647056 0.2786206896551724 0.38786764705882354 0.2979310344827586 0.3805147058823529 0.31724137931034485 0.3713235294117647 0.35172413793103446 0.36672794117647056 0.38620689655172413 0.3630514705882353 0.39586206896551723 0.36121323529411764 0.4220689655172414 0.35202205882352944 0.47172413793103446 0.35202205882352944 0.48 0.34558823529411764 0.5103448275862069 0.3446691176470588 0.5310344827586206 0.3400735294117647 0.5572413793103448 0.34099264705882354 0.576551724137931 0.3391544117647059 0.5848275862068966 0.33088235294117646 0.5917241379310345 0.3226102941176471 0.5848275862068966 0.32077205882352944 0.576551724137931 0.32077205882352944 0.5517241379310345 0.3226102941176471 0.5351724137931034 0.32536764705882354 0.5282758620689655 0.3244485294117647 0.5213793103448275 0.32996323529411764 0.4827586206896552 0.34099264705882354 0.42482758620689653 0.34375 0.3931034482758621 0.3483455882352941 0.37655172413793103 0.3474264705882353 0.3737931034482759 0.35110294117647056 0.3586206896551724 0.35294117647058826 0.3393103448275862 0.3584558823529412 0.32413793103448274 0.3639705882352941 0.2993103448275862 0.3704044117647059 0.2827586206896552 0.38327205882352944 0.2593103448275862 0.38878676470588236 0.2524137931034483 0.39338235294117646 0.25103448275862067
0 0.41268382352941174 0.3489655172413793 0.4209558823529412 0.35172413793103446 0.4255514705882353 0.3641379310344828 0.42371323529411764 0.3724137931034483 0.4099264705882353 0.3917241379310345 0.39797794117647056 0.44413793103448274 0.3961397058823529 0.463448275862069 0.39705882352941174 0.47448275862068967 0.3952205882352941 0.48137931034482756 0.3952205882352941 0.5158620689655172 0.3897058823529412 0.5503448275862068 0.3869485294117647 0.5972413793103448 0.38235294117647056 0.6151724137931035 0.37683823529411764 0.6606896551724138 0.3740808823529412 0.670344827586207 0.375 0.6868965517241379 0.37316176470588236 0.6951724137931035 0.3648897058823529 0.7020689655172414 0.35661764705882354 0.6951724137931035 0.3547794117647059 0.6868965517241379 0.3547794117647059 0.6662068965517242 0.3639705882352941 0.6055172413793104 0.36672794117647056 0.5972413793103448 0.37224264705882354 0.5282758620689655 0.3759191176470588 0.5131034482758621 0.3759191176470588 0.4772413793103448 0.3786764705882353 0.4413793103448276 0.3943014705882353 0.37103448275862067 0.4071691176470588 0.35172413793103446 0.4117647058823529 0.3503448275862069
0 0.4375 0.4220689655172414 0.4430147058823529 0.42482758620689653 0.4476102941176471 0.43724137931034485 0.44577205882352944 0.44551724137931037 0.4411764705882353 0.4510344827586207 0.43933823529411764 0.4579310344827586 0.43106617647058826 0.5379310344827586 0.4329044117647059 0.6675862068965517 0.42922794117647056 0.6896551724137931 0.42922794117647056 0.7034482758620689 0.43474264705882354 0.743448275862069 0.4338235294117647 0.7503448275862069 0.43566176470588236 0.7613793103448275 0.4338235294117647 0.7696551724137931 0.4255514705882353 0.776551724137931 0.42003676470588236 0.7737931034482759 0.41268382352941174 0.7572413793103449 0.4099264705882353 0.7420689655172413 0.4099264705882353 0.7117241379310345 0.40808823529411764 0.7034482758620689 0.40900735294117646 0.6648275862068965 0.4053308823529412 0.6537931034482759 0.4053308823529412 0.593103448275862 0.4071691176470588 0.5737931034482758 0.41268382352941174 0.5641379310344827 0.41268382352941174 0.5213793103448275 0.4209558823529412 0.4482758620689655 0.4264705882352941 0.4303448275862069 0.43106617647058826 0.42482758620689653 0.4365808823529412 0.42344827586206896
0 0.4797794117647059 0.47448275862068967 0.49172794117647056 0.4772413793103448 0.4963235294117647 0.4896551724137931 0.49172794117647056 0.5020689655172413 0.47794117647058826 0.5048275862068966 0.4733455882352941 0.5103448275862069 0.4733455882352941 0.5806896551724138 0.47058823529411764 0.5944827586206897 0.47058823529411764 0.6537931034482759 0.4724264705882353 0.6648275862068965 0.47150735294117646 0.6786206896551724 0.4733455882352941 0.6855172413793104 0.4724264705882353 0.7089655172413794 0.48253676470588236 0.7862068965517242 0.49356617647058826 0.8193103448275862 0.49172794117647056 0.8317241379310345 0.4834558823529412 0.8386206896551724 0.47518382352941174 0.8317241379310345 0.46231617647058826 0.7875862068965517 0.45588235294117646 0.743448275862069 0.4568014705882353 0.7337931034482759 0.453125 0.7158620689655173 0.4540441176470588 0.6882758620689655 0.4522058823529412 0.6813793103448276 0.453125 0.6662068965517242 0.45128676470588236 0.6551724137931034 0.45128676470588236 0.5917241379310345 0.4540441176470588 0.576551724137931 0.4540441176470588 0.4993103448275862 0.45588235294117646 0.4910344827586207 0.46231617647058826 0.4827586206896552 0.4696691176470588 0.4772413793103448 0.4788602941176471 0.47586206896551725
0 0.5321691176470589 0.52 0.5376838235294118 0.5227586206896552 0.5422794117647058 0.5351724137931034 0.53125 0.5889655172413794 0.53125 0.623448275862069 0.5376838235294118 0.6620689655172414 0.5376838235294118 0.6786206896551724 0.5487132352941176 0.7213793103448276 0.5569852941176471 0.776551724137931 0.5689338235294118 0.8303448275862069 0.5808823529411765 0.856551724137931 0.5818014705882353 0.8620689655172413 0.5799632352941176 0.8703448275862069 0.5716911764705882 0.8772413793103448 0.5661764705882353 0.8744827586206897 0.5560661764705882 0.8606896551724138 0.5487132352941176 0.84 0.5431985294117647 0.8110344827586207 0.5386029411764706 0.8 0.5376838235294118 0.7862068965517242 0.5294117647058824 0.7558620689655172 0.5266544117647058 0.7351724137931035 0.5238970588235294 0.7296551724137931 0.5211397058823529 0.6979310344827586 0.5137867647058824 0.6648275862068965 0.5119485294117647 0.623448275862069 0.5064338235294118 0.5903448275862069 0.5073529411764706 0.5462068965517242 0.5101102941176471 0.5324137931034483 0.5137867647058824 0.5255172413793103 0.53125 0.5213793103448275
0 0.5716911764705882 0.5475862068965517 0.5772058823529411 0.5517241379310345 0.5818014705882353 0.56 0.5863970588235294 0.5875862068965517 0.5919117647058824 0.6041379310344828 0.5946691176470589 0.6303448275862069 0.6011029411764706 0.6565517241379311 0.6056985294117647 0.6937931034482758 0.6185661764705882 0.7420689655172413 0.6332720588235294 0.7793103448275862 0.65625 0.8248275862068966 0.6672794117647058 0.833103448275862 0.6920955882352942 0.8593103448275862 0.6939338235294118 0.8675862068965517 0.6920955882352942 0.8758620689655172 0.6838235294117647 0.8827586206896552 0.6626838235294118 0.8813793103448276 0.6534926470588235 0.8758620689655172 0.6360294117647058 0.8537931034482759 0.609375 0.8041379310344827 0.6029411764705882 0.783448275862069 0.5955882352941176 0.7517241379310344 0.5919117647058824 0.7255172413793104 0.5891544117647058 0.72 0.5873161764705882 0.7006896551724138 0.5790441176470589 0.6648275862068965 0.5790441176470589 0.6496551724137931 0.5735294117647058 0.6289655172413793 0.5726102941176471 0.6179310344827587 0.5680147058823529 0.6041379310344828 0.5634191176470589 0.5779310344827586 0.5597426470588235 0.5724137931034483 0.5569852941176471 0.5613793103448276 0.5615808823529411 0.5489655172413793 0.5670955882352942 0.5462068965517242 0.5707720588235294 0.5475862068965517
0 0.6553308823529411 0.5489655172413793 0.6636029411764706 0.5558620689655173 0.6709558823529411 0.5751724137931035 0.6746323529411765 0.5737931034482758 0.6801470588235294 0.576551724137931 0.6920955882352942 0.6013793103448276 0.7040441176470589 0.6551724137931034 0.7086397058823529 0.6662068965517242 0.7113970588235294 0.6827586206896552 0.7205882352941176 0.7117241379310345 0.7270220588235294 0.7227586206896551 0.734375 0.7489655172413793 0.7435661764705882 0.7724137931034483 0.7490808823529411 0.7793103448275862 0.7582720588235294 0.7986206896551724 0.7665441176470589 0.8041379310344827 0.7738970588235294 0.8151724137931035 0.7757352941176471 0.8234482758620689 0.7738970588235294 0.8317241379310345 0.7693014705882353 0.8372413793103448 0.7637867647058824 0.8386206896551724 0.7582720588235294 0.8358620689655173 0.7463235294117647 0.8220689655172414 0.7196691176470589 0.7889655172413793 0.7077205882352942 0.7710344827586207 0.7068014705882353 0.7655172413793103 0.6819852941176471 0.7324137931034482 0.6709558823529411 0.7075862068965517 0.6507352941176471 0.6441379310344828 0.6479779411764706 0.6248275862068966 0.6323529411764706 0.5903448275862069 0.6286764705882353 0.5696551724137932 0.6332720588235294 0.5572413793103448 0.6387867647058824 0.5544827586206896 0.6461397058823529 0.5586206896551724 0.6498161764705882 0.5517241379310345 0.6544117647058824 0.5503448275862068
0 0.703125 0.5448275862068965 0.7086397058823529 0.5475862068965517 0.7205882352941176 0.5655172413793104 0.734375 0.5972413793103448 0.7380514705882353 0.6137931034482759 0.75 0.6455172413793103 0.7738970588235294 0.6827586206896552 0.8198529411764706 0.7255172413793104 0.8419117647058824 0.7420689655172413 0.8511029411764706 0.7448275862068966 0.8556985294117647 0.7503448275862069 0.8575367647058824 0.7586206896551724 0.8556985294117647 0.766896551724138 0.8474264705882353 0.7737931034482759 0.828125 0.7655172413793103 0.7895220588235294 0.7337931034482759 0.7794117647058824 0.7213793103448276 0.7748161764705882 0.72 0.7693014705882353 0.7117241379310345 0.7601102941176471 0.7048275862068966 0.7408088235294118 0.6758620689655173 0.7325367647058824 0.6606896551724138 0.7141544117647058 0.6041379310344828 0.7049632352941176 0.5848275862068966 0.6920955882352942 0.5655172413793104 0.6911764705882353 0.56 0.6930147058823529 0.5517241379310345 0.6957720588235294 0.5475862068965517 0.7022058823529411 0.5448275862068965