0 0.0027573529411764708 0.3006896551724138 0 0.3117241379310345 0 0.47172413793103446 0.0055147058823529415 0.46206896551724136 0.013786764705882353 0.37517241379310345 0.022058823529411766 0.35310344827586204 0.025735294117647058 0.3213793103448276 0.02297794117647059 0.3020689655172414 0.016544117647058824 0.30482758620689654
0 0.08547794117647059 0.35172413793103446 0.08731617647058823 0.37655172413793103 0.10018382352941177 0.3889655172413793 0.1056985294117647 0.3875862068965517 0.11029411764705882 0.3682758620689655 0.11672794117647059 0.35724137931034483 0.12040441176470588 0.3351724137931035 0.11672794117647059 0.32827586206896553 0.11948529411764706 0.32413793103448274 0.11856617647058823 0.31310344827586206 0.12224264705882353 0.30896551724137933 0.12683823529411764 0.28 0.13051470588235295 0.27448275862068966 0.1332720588235294 0.2496551724137931 0.12224264705882353 0.2482758620689655 0.109375 0.2593103448275862 0.11029411764705882 0.2689655172413793 0.0974264705882353 0.2979310344827586 0.0974264705882353 0.32413793103448274
0 0.18198529411764705 0.32413793103448274 0.18198529411764705 0.3489655172413793 0.19209558823529413 0.3544827586206897 0.19944852941176472 0.34758620689655173 0.21415441176470587 0.30896551724137933 0.20772058823529413 0.3020689655172414 0.20863970588235295 0.2924137931034483 0.21599264705882354 0.29379310344827586 0.22426470588235295 0.2827586206896552 0.23345588235294118 0.2620689655172414 0.24448529411764705 0.2482758620689655 0.25275735294117646 0.2193103448275862 0.23713235294117646 0.21241379310344827 0.22794117647058823 0.22206896551724137 0.22058823529411764 0.22206896551724137 0.20680147058823528 0.25103448275862067 0.20496323529411764 0.2593103448275862 0.20772058823529413 0.2675862068965517 0.19393382352941177 0.28551724137931034 0.19393382352941177 0.296551724137931 0.1875 0.3103448275862069 0.19117647058823528 0.31448275862068964
0 0.27941176470588236 0.3103448275862069 0.2821691176470588 0.33379310344827584 0.2821691176470588 0.34620689655172415 0.2766544117647059 0.3544827586206897 0.27941176470588236 0.36689655172413793 0.28952205882352944 0.35724137931034483 0.2922794117647059 0.3448275862068966 0.2977941176470588 0.34620689655172415 0.30330882352941174 0.33793103448275863 0.30606617647058826 0.32 0.31525735294117646 0.3117241379310345 0.32169117647058826 0.2868965517241379 0.33088235294117646 0.27448275862068966 0.3327205882352941 0.2620689655172414 0.34191176470588236 0.2482758620689655 0.3584558823529412 0.20689655172413793 0.3327205882352941 0.2082758620689655 0.3318014705882353 0.2193103448275862 0.3244485294117647 0.2206896551724138 0.31893382352941174 0.2303448275862069 0.31893382352941174 0.2482758620689655 0.31066176470588236 0.2482758620689655 0.30514705882352944 0.2579310344827586 0.30514705882352944 0.27586206896551724 0.296875 0.27586206896551724 0.2922794117647059 0.2827586206896552 0.2913602941176471 0.30344827586206896
0 0.37683823529411764 0.3310344827586207 0.375 0.33793103448275863 0.3897058823529412 0.3503448275862069 0.3943014705882353 0.34758620689655173 0.42003676470588236 0.32413793103448274 0.42922794117647056 0.30758620689655175 0.46691176470588236 0.2689655172413793 0.4733455882352941 0.2496551724137931 0.48713235294117646 0.24413793103448275 0.4834558823529412 0.23586206896551723 0.47518382352941174 0.23448275862068965 0.4632352941176471 0.22344827586206897 0.44577205882352944 0.22620689655172413 0.3897058823529412 0.30344827586206896 0.3851102941176471 0.32
0 0.4898897058823529 0.3351724137931035 0.4889705882352941 0.34206896551724136 0.48253676470588236 0.3489655172413793 0.48713235294117646 0.3724137931034483 0.49264705882352944 0.3737931034482759 0.5018382352941176 0.3627586206896552 0.5349264705882353 0.3448275862068966 0.5487132352941176 0.3255172413793103 0.5643382352941176 0.31862068965517243 0.5762867647058824 0.30482758620689654 0.5854779411764706 0.30344827586206896 0.5854779411764706 0.29517241379310344 0.59375 0.2896551724137931 0.5818014705882353 0.2772413793103448 0.5698529411764706 0.27586206896551724 0.5670955882352942 0.2689655172413793 0.5505514705882353 0.2675862068965517 0.5395220588235294 0.27448275862068966 0.5294117647058824 0.2924137931034483 0.5257352941176471 0.2924137931034483 0.5238970588235294 0.2993103448275862 0.5036764705882353 0.32 0.4990808823529412 0.32689655172413795 0.5 0.33241379310344826
0 0.6121323529411765 0.3641379310344828 0.6066176470588235 0.3737931034482759 0.5983455882352942 0.37655172413793103 0.5974264705882353 0.3889655172413793 0.5818014705882353 0.3903448275862069 0.5845588235294118 0.42482758620689653 0.5919117647058824 0.4220689655172414 0.6011029411764706 0.40413793103448276 0.6507352941176471 0.39586206896551723 0.6544117647058824 0.3875862068965517 0.6645220588235294 0.383448275862069 0.6681985294117647 0.37517241379310345 0.6783088235294118 0.3724137931034483 0.6911764705882353 0.35586206896551725 0.6773897058823529 0.34206896551724136 0.6681985294117647 0.34344827586206894 0.6645220588235294 0.3310344827586207 0.6534926470588235 0.3296551724137931 0.6286764705882353 0.3586206896551724
0 0.6819852941176471 0.4593103448275862 0.6810661764705882 0.463448275862069 0.6875 0.4689655172413793 0.6884191176470589 0.48137931034482756 0.6939338235294118 0.4868965517241379 0.7169117647058824 0.47448275862068967 0.7463235294117647 0.47172413793103446 0.7858455882352942 0.4496551724137931 0.7637867647058824 0.4220689655172414 0.7545955882352942 0.4193103448275862 0.7306985294117647 0.43310344827586206 0.7150735294117647 0.43586206896551727 0.6976102941176471 0.45241379310344826 0.6957720588235294 0.4482758620689655
0 0.7555147058823529 0.5558620689655173 0.7573529411764706 0.5668965517241379 0.7545955882352942 0.576551724137931 0.7610294117647058 0.5806896551724138 0.7922794117647058 0.5724137931034483 0.8069852941176471 0.5793103448275863 0.8455882352941176 0.576551724137931 0.8621323529411765 0.5737931034482758 0.8694852941176471 0.5668965517241379 0.859375 0.543448275862069 0.84375 0.526896551724138 0.7693014705882353 0.543448275862069
0 0.8308823529411765 0.6662068965517242 0.8207720588235294 0.6855172413793104 0.8363970588235294 0.696551724137931 0.8915441176470589 0.6993103448275862 0.9209558823529411 0.7075862068965517 0.9430147058823529 0.7048275862068966 0.9283088235294118 0.6675862068965517 0.9163602941176471 0.6496551724137931 0.8511029411764706 0.6537931034482759 0.8409926470588235 0.6565517241379311 0.8363970588235294 0.6648275862068965
0 0.8832720588235294 0.8027586206896552 0.8832720588235294 0.8082758620689655 0.9007352941176471 0.8082758620689655 0.9163602941176471 0.8193103448275862 0.9209558823529411 0.8344827586206897 0.9595588235294118 0.84 0.96875 0.8468965517241379 0.9954044117647058 0.8441379310344828 0.9944852941176471 0.8234482758620689 0.9889705882352942 0.8068965517241379 0.9751838235294118 0.7889655172413793 0.9044117647058824 0.783448275862069 0.890625 0.7889655172413793
0 0.9457720588235294 0.9241379310344827 0.9420955882352942 0.9310344827586207 0.9448529411764706 0.9420689655172414 0.9577205882352942 0.9434482758620689 0.9623161764705882 0.9558620689655173 0.9724264705882353 0.953103448275862 0.9770220588235294 0.9710344827586207 0.9834558823529411 0.9751724137931035 0.9871323529411765 0.9944827586206897 0.9990808823529411 0.9958620689655172 0.9990808823529411 0.9296551724137931 0.9908088235294118 0.926896551724138 0.9880514705882353 0.9337931034482758 0.9696691176470589 0.9310344827586207 0.9595588235294118 0.9351724137931035